#Dataset
#N:3,n:1000
0.151645
0.765307
0.554363
0.432884
0.535525
0.359821
0.297558
0.500783
0.359401
0.740276
0.680396
0.594447
0.335154
0.546208
0.490992
0.0896311
0.302217
0.919059
0.810761
0.591573
0.495925
0.428271
0.403736
0.40296
0.257236
0.669518
0.434193
0.582801
0.302024
0.683561
0.642547
0.686702
0.422924
0.622464
0.624161
0.648599
0.452867
0.595481
0.607035
0.704953
0.451604
0.50021
0.238698
0.432426
0.394411
0.712707
0.478055
0.839575
0.380847
0.564673
0.805121
0.616258
0.798874
0.630751
0.627388
0.572832
0.440994
0.429871
0.351672
0.730997
0.213201
0.520154
0.505584
0.321291
0.587709
0.567154
0.436219
0.60504
0.670226
0.679243
0.389483
0.567651
0.439459
0.504778
0.37589
0.448865
0.666919
0.413446
0.317976
0.187461
0.731738
0.478929
0.703205
0.569985
0.462756
0.443433
0.493129
0.37102
0.626773
0.481915
0.535438
0.304607
0.359448
0.517129
0.430644
0.230385
0.417069
0.527373
0.730606
0.833789
0.203514
0.463966
0.179094
0.427162
0.447332
0.50707
0.301217
0.410428
0.618911
0.489631
0.573392
0.604527
0.614019
0.62234
0.579017
0.240386
0.530998
0.425835
0.715625
0.209895
0.451614
0.18314
0.628127
0.40893
0.35051
0.632988
0.453685
0.706798
0.498818
0.77356
0.495284
0.448151
0.628038
0.500559
0.385311
0.412335
0.457986
0.505274
0.40087
0.633957
0.142938
0.429545
0.524324
0.675577
0.560894
0.488975
0.311027
0.243581
0.529628
0.313334
0.300805
0.510616
0.245012
0.741239
0.526571
0.379484
0.286841
0.483455
0.218184
0.671605
0.351593
0.421343
0.25627
0.324747
0.518625
0.506122
0.672364
0.294662
0.662368
0.383374
0.358594
0.759354
0.191964
0.456475
0.463392
0.70512
0.474052
0.605559
0.442869
0.499366
0.494739
0.383871
0.678206
0.605921
0.243656
0.569372
0.643767
0.341198
0.343986
0.742593
0.403659
0.253894
0.348935
0.481609
0.490933
0.322894
0.47946
0.269414
0.386335
0.464203
0.68828
0.557387
0.600647
0.816582
0.256226
0.45844
0.613281
0.75126
0.471492
0.650654
0.420763
0.456631
0.560229
0.163126
0.44728
0.407406
0.589563
0.560672
0.493312
0.383817
0.51204
0.540417
0.319755
0.489925
0.446916
0.735598
0.385145
0.491665
0.321991
0.4701
0.669878
0.491026
0.521769
0.939003
0.415365
0.67991
0.532942
0.225197
0.760942
0.510377
0.541919
0.64231
0.156205
0.745809
0.667191
0.281042
0.232075
0.500139
0.526824
0.632242
0.423973
0.444018
0.519447
0.457588
0.513816
0.18509
0.448378
0.664898
0.87075
0.636264
0.607997
0.42439
0.407519
0.463441
0.681312
0.520074
0.604021
0.547213
0.642823
0.337536
0.501132
0.547154
0.465793
0.421786
0.586752
0.725949
0.508297
0.165313
0.645601
0.5867
0.594254
0.388399
0.444907
0.382396
0.59583
0.801949
0.217291
0.304913
0.358226
0.508272
0.338597
0.847477
0.285929
0.395089
0.410899
0.0437327
0.640883
0.485677
0.675593
0.735407
0.461499
0.277246
0.80113
0.494936
0.607272
0.431989
0.741383
0.31354
0.79243
0.331609
0.492607
0.510069
0.342354
0.479309
0.461761
0.511378
0.149023
0.414565
0.536668
0.756317
0.846484
0.35508
0.575746
0.767081
0.842638
0.784072
0.656381
0.490435
0.302949
0.708173
0.38667
0.695366
0.527514
0.31739
0.2794
0.479886
0.275512
0.344305
0.151816
0.397883
0.432102
0.4737
0.544658
0.251739
0.558085
0.549551
0.283545
0.612707
0.266118
0.587659
0.357642
0.304581
0.496675
0.428037
0.332439
0.489851
0.312214
0.783327
0.399291
0.616256
0.49653
0.512843
0.75017
0.45532
0.577288
0.487053
0.282228
0.84896
0.566451
0.365962
0.433526
0.58657
0.275994
0.427708
0.560749
0.38818
0.40522
0.360161
0.282299
0.507596
0.550634
0.475464
0.469649
0.302704
0.551592
0.518003
0.481171
0.657787
0.580199
0.315514
0.51233
0.269888
0.239976
0.433729
0.593792
0.70703
0.310618
0.717525
0.362916
0.349333
0.419945
0.499998
0.471678
0.641081
0.237992
0.623888
0.692445
0.448447
0.799001
0.321426
0.469644
0.801022
0.476868
0.719174
0.633973
0.656257
0.414143
0.266256
0.539415
0.431103
0.518699
0.6412
0.570654
0.572349
0.477815
0.213658
0.287769
0.456838
0.453237
0.283439
0.804059
0.63665
0.475151
0.600988
0.554094
0.748775
0.616684
0.203458
0.497684
0.798516
0.319678
0.350458
0.332069
0.453934
0.527071
0.80251
0.478064
0.469997
0.266995
0.688034
0.095763
0.602929
0.508323
0.794096
0.714878
0.750005
0.579126
0.577169
0.863528
0.386953
0.331553
0.316251
0.474433
0.489287
0.374429
0.596493
0.470312
0.732653
0.751935
0.369371
0.603447
0.597375
0.352333
0.467571
0.693344
0.500783
0.255385
0.693497
0.143624
0.368156
0.512582
0.161041
0.397573
0.448706
0.609688
0.503629
0.540146
0.63275
0.256821
0.356848
0.728833
0.690508
0.549051
0.295032
0.403881
0.416048
0.269411
0.185402
0.560045
0.595955
0.570844
0.626
0.277591
0.709369
0.236833
0.655568
0.844224
0.464906
0.387891
0.512851
0.218583
0.523169
0.360674
0.450688
0.207039
0.32646
0.595294
0.659363
0.555366
0.450252
0.586662
0.330675
0.418582
0.482131
0.730922
0.532517
0.369552
0.671393
0.311316
0.370263
0.324734
0.703994
0.433698
0.663566
0.578918
0.458114
0.541174
0.198248
0.20482
0.600631
0.181
0.544988
0.412047
0.577965
0.190007
0.767298
0.596711
0.52667
0.467039
0.444784
0.669248
0.729658
0.429639
0.183125
0.138676
0.413144
0.172847
0.276269
0.295203
0.70802
0.523795
0.331618
0.553964
0.358453
0.711121
0.226674
0.397079
0.646133
0.597066
0.643367
0.380601
0.719262
0.69241
0.484094
0.311202
0.448056
0.312266
0.363866
0.520886
0.44122
0.621813
0.387844
0.416218
0.206087
0.727237
0.213505
0.801885
0.651369
0.103696
0.359803
0.61959
0.228149
0.401868
0.530406
0.456768
0.565586
0.553481
0.415995
0.489488
0.504108
0.721353
0.357708
0.340617
0.803177
0.402418
0.529937
0.728972
0.602834
0.377614
0.463193
0.553831
0.718274
0.482707
0.74334
0.665012
0.453888
0.697142
0.396355
0.719278
0.402239
0.329185
0.201107
0.349161
0.355965
0.469293
0.395109
0.819541
0.590735
0.119852
0.575957
0.618707
0.411635
0.683144
0.875761
0.518232
0.286332
0.549133
0.411015
0.627928
0.497523
0.627726
0.592016
0.660537
0.234003
0.394554
0.457293
0.646029
0.517934
0.528331
0.484402
0.479612
0.596569
0.434363
0.571792
0.524231
0.331785
0.652517
0.195293
0.413287
0.827725
0.521953
0.618973
0.424824
0.399733
0.474216
0.60691
0.233255
0.574066
0.366454
0.365011
0.226537
0.361476
0.598753
0.651771
0.624527
0.402676
0.393786
0.629878
0.198618
0.436665
0.677591
0.464073
0.28161
0.509175
0.404755
0.660046
0.364321
0.264503
0.147397
0.499658
0.417358
0.163023
0.767104
0.616038
0.600698
0.21823
0.439272
0.228872
0.38901
0.777867
0.53394
0.474331
0.859234
0.672555
0.480114
0.327891
0.321258
0.450804
0.728467
0.384816
0.625574
0.345778
0.228366
0.487575
0.428877
0.66809
0.661665
0.511002
0.428762
0.694103
0.418696
0.264018
0.589238
0.233173
0.494112
0.362635
0.525574
0.494299
0.487611
0.661647
0.471554
0.53594
0.568003
0.680613
0.561405
0.289794
0.320844
0.39242
0.762132
0.672239
0.599804
0.350355
0.820123
0.427395
0.460425
0.42074
0.389039
0.679247
0.315211
0.479624
0.47402
0.267504
0.279811
0.503124
0.308178
0.661296
0.535309
0.369186
0.454174
0.278451
0.347849
0.692157
0.380747
0.660538
0.665748
0.614996
0.529232
0.380322
0.450377
0.341164
0.377405
0.795575
0.619266
0.41426
0.571081
0.279842
0.690946
0.428213
0.517227
0.662088
0.16963
0.377093
0.833519
0.494946
0.163301
0.540355
0.268339
0.611286
0.460988
0.419184
0.409691
0.419676
0.429459
0.450872
0.428098
0.321622
0.560479
0.613908
0.594357
0.465869
0.765246
0.587879
0.479447
0.332195
0.51527
0.348369
0.583582
0.443605
0.584801
0.730972
0.483125
0.380446
0.684952
0.415897
0.546852
0.63935
0.548274
0.551685
0.234667
0.229741
0.347462
0.385741
0.212714
0.577297
0.621167
0.435559
0.618748
0.448874
0.618347
0.27815
0.612757
0.481029
0.363218
0.672549
0.455736
0.69861
0.316231
0.260357
0.552607
0.288917
0.405279
0.561379
0.523622
0.590792
0.459716
0.362466
0.395906
0.240437
0.62072
0.391466
0.755301
0.722685
0.512642
0.566739
0.491281
0.655554
0.434126
0.574749
0.44636
0.453433
0.652625
0.633712
0.457437
0.752855
0.599333
0.330898
0.371601
0.335922
0.202648
0.444506
0.616017
0.523482
0.318208
0.667921
0.179664
0.631786
0.718566
0.590886
0.414285
0.449381
0.279386
0.759071
0.614103
0.634705
0.469918
0.52239
0.250299
0.209687
0.68716
0.567405
0.586248
0.48676
0.292133
0.643355
0.64726
0.383243
0.341903
0.666365
0.443206
0.63666
0.495941
0.382876
0.56668
0.631023
0.639766
0.609195
0.775242
0.571103
0.397455
0.553276
0.581775
0.647319
0.757634
0.749599
0.417659
0.501825
0.164263
0.542992
0.457268
0.683349
0.851629
0.756597
0.339463
0.20433
0.388867
0.363986
0.588612
0.374693
0.591396
0.226855
0.276722
0.488444
0.581506
0.502217
0.365301
0.4074
0.225181
0.614172
0.296421
0.53705
0.752892
0.590684
0.554819
0.277406
0.393472
0.626812
0.571664
0.405219
0.386094
0.344632
0.564869
0.50377
0.446552
0.506894
0.423925
0.228624
0.590726
0.6034
0.609821
0.320771
0.704996
0.582913
0.734118
0.539028
0.62665
0.678139
0.417235
0.532845
0.333518
0.482078
0.540142
0.423527
0.829318
0.510093
0.640167
0.408766
0.525479
0.595422
0.715836
0.658545
0.618157
0.459537
0.500478
0.317759
0.0967316
0.447688
0.572001
0.524083
0.653199
0.655094
0.279377
0.568675
0.320628
0.413291
0.669692
0.383175
0.50714
0.615282
0.329119
0.392243


