3 2 101 -1 10000 32 -1
3 3 101 -1 10000 32 -1
3 4 101 -1 10000 32 -1
3 5 101 -1 10000 32 -1
3 6 101 -1 10000 32 -1
3 7 101 -1 10000 32 -1
3 8 101 -1 10000 32 -1
3 9 101 -1 10000 32 -1
3 10 101 -1 10000 32 -1
3 11 101 -1 10000 32 -1
3 12 101 -1 10000 32 -1
3 13 101 -1 10000 32 -1
3 14 101 -1 10000 32 -1
3 15 101 -1 10000 32 -1
3 16 101 -1 10000 32 -1
3 17 101 -1 10000 32 -1
3 18 101 -1 10000 32 -1
3 19 101 -1 10000 32 -1
3 2 201 -1 10000 32 -1
3 7 201 -1 10000 32 -1
3 12 201 -1 10000 32 -1
3 19 201 -1 10000 32 -1
3 2 301 -1 10000 32 -1
3 7 301 -1 10000 32 -1
3 12 301 -1 10000 32 -1
3 19 301 -1 10000 32 -1
3 2 401 -1 10000 32 -1
3 7 401 -1 10000 32 -1
3 12 401 -1 10000 32 -1
3 19 401 -1 10000 32 -1
6 2 101 -1 10000 32 -1
6 7 101 -1 10000 32 -1
6 12 101 -1 10000 32 -1
6 19 101 -1 10000 32 -1
6 2 201 -1 10000 32 -1
6 7 201 -1 10000 32 -1
6 12 201 -1 10000 32 -1
6 19 201 -1 10000 32 -1
6 2 301 -1 10000 32 -1
6 7 301 -1 10000 32 -1
6 12 301 -1 10000 32 -1
6 19 301 -1 10000 32 -1
6 2 401 -1 10000 32 -1
6 7 401 -1 10000 32 -1
6 12 401 -1 10000 32 -1
6 19 401 -1 10000 32 -1
9 2 101 -1 10000 32 -1
9 7 101 -1 10000 32 -1
9 12 101 -1 10000 32 -1
9 19 101 -1 10000 32 -1
9 2 201 -1 10000 32 -1
9 7 201 -1 10000 32 -1
9 12 201 -1 10000 32 -1
9 19 201 -1 10000 32 -1
9 2 301 -1 10000 32 -1
9 7 301 -1 10000 32 -1
9 12 301 -1 10000 32 -1
9 19 301 -1 10000 32 -1
9 2 401 -1 10000 32 -1
9 7 401 -1 10000 32 -1
9 12 401 -1 10000 32 -1
9 19 401 -1 10000 32 -1
12 2 101 -1 10000 32 -1
12 7 101 -1 10000 32 -1
12 12 101 -1 10000 32 -1
12 19 101 -1 10000 32 -1
12 2 201 -1 10000 32 -1
12 7 201 -1 10000 32 -1
12 12 201 -1 10000 32 -1
12 19 201 -1 10000 32 -1
12 2 301 -1 10000 32 -1
12 7 301 -1 10000 32 -1
12 12 301 -1 10000 32 -1
12 19 301 -1 10000 32 -1
12 2 401 -1 10000 32 -1
12 7 401 -1 10000 32 -1
12 12 401 -1 10000 32 -1
12 19 401 -1 10000 32 -1
