Cases Mean Standard_Deviation
0 0.5374455821 0.165363750839005
0 0.5029306961 0.150683680864132
0 0.4857683027 0.124651930019129
0 0.5033792113 0.107351846497499
0 0.5012603973 0.103628085079152
0 0.5044128758 0.0974708323258882
0 0.5174792255 0.0801580056550842
0 0.4993435636 0.0703113232671105
0 0.482752458 0.0886833775827894
0 0.499861386 0.0717546187096972
0 0.4891603852 0.0745790717089917
0 0.4965495015 0.0787712779781122
0 0.4976633639 0.0821456631700812
0 0.5037405978 0.0753572096473603
0 0.5049455495 0.0671903072851156
0 0.4976999977 0.0657307526842523
0 0.5042178261 0.0737816780537818
0 0.5079326813 0.0636053139537574
0 0.5120346656 0.0688010600689716
0 0.5118356555 0.0718112914611675
0 0.5009247533 0.0664489185949575
0 0.4942633605 0.0662688533240377
0 0.5039039641 0.0574187989182927
0 0.4949752424 0.0606806907180995
0 0.4972851458 0.0629302297224
0 0.4988376226 0.0566146833068256
0 0.5021891111 0.0606306450360155
0 0.4987999984 0.0504394014870838
0 0.5027683199 0.044395194110099
0 0.4955722731 0.0483768951900216
0 0.4949188071 0.0451929773127566
0 0.5017841606 0.0414570875538629
1 0.5088069398 0.138356919196777
1 0.482102952 0.11424386136363
1 0.5017851505 0.0963283025909647
1 0.4925178135 0.0822253605078821
1 0.5002287138 0.0622522593381233
1 0.5014871297 0.063993467739403
1 0.5007346535 0.0568300955527288
1 0.5009306944 0.0524754257693177
1 0.5021693089 0.0423129260585255
1 0.4969584129 0.0540945867959695
1 0.5026960426 0.0594567676648445
1 0.4985227708 0.0509226739171595
1 0.4988910881 0.0522266194053032
1 0.5000702977 0.0460230639072435
1 0.5032990133 0.0448787934590309
1 0.5030544583 0.049373026057586
1 0.498643563 0.046159921538071
1 0.4972524734 0.0449848584370647
1 0.5006188133 0.036003602291263
1 0.499528713 0.0318016356610836
1 0.5004445555 0.0337760049039321
1 0.4981980173 0.0394210624320315
1 0.4982534636 0.0408627598091734
1 0.5011693088 0.0359651273417475
1 0.5014059424 0.0379444538721016
1 0.5000089097 0.0312883157350775
1 0.5016316844 0.0335620651929526
1 0.5009831709 0.0330983601482844
1 0.5007801977 0.0285416620672233
1 0.500124758 0.0276743022679712
1 0.5003336583 0.0193611785493865
1 0.5000950489 0.0192653351523861
2 0.4999306938 0.103824191074324
2 0.4987534649 0.0700597522541934
2 0.4975158402 0.0641016974147113
2 0.4995207918 0.0596925996201606
2 0.5062721669 0.0215378106544101
2 0.5033603009 0.0138029259812738
2 0.5004989939 0.0141044922327525
2 0.5009494841 0.015381706188771
2 0.4979228173 0.0153229052583143
2 0.4980465775 0.0146741224652517
2 0.4922318024 0.0265859702507163
2 0.4979911395 0.0140709967437199
2 0.4951585355 0.0147175470342449
2 0.5044493921 0.0144376401553122
2 0.5021137957 0.0130230752976393
2 0.495804065 0.0166518235090573
2 0.497943632 0.0157584505278876
2 0.4980614398 0.0134067717357242
2 0.4911714326 0.0238602413402828
2 0.4982782616 0.0158041037181802
2 0.4994970415 0.0148657759613439
2 0.5008316516 0.0143699159965322
2 0.5035801093 0.0174078571137944
2 0.4937318062 0.0176848391702523
2 0.5033306585 0.0220394255522721
2 0.5006128649 0.0137764714327857
2 0.4951119936 0.0155845558150097
2 0.494085286 0.0154989579352714
2 0.4999524806 0.0121384360437901
2 0.498566368 0.0133971629090482
2 0.5078711392 0.0205781047041107
2 0.4968960938 0.0189571220059817
3 0.4983663443 0.0661941624068364
3 0.4999485114 0.0386303715046196
3 0.4924000956 0.0287136216775914
3 0.5028425277 0.0221709598921627
3 0.5070800845 0.0217041106438814
3 0.5002505036 0.0219594520505322
3 0.4966337166 0.0216597004157328
3 0.4946278304 0.0185927910846722
3 0.5054226675 0.0201068093449743
3 0.5061731405 0.0172346308553456
3 0.5027504306 0.0168561006555821
3 0.5049414915 0.019044246644978
3 0.5034930001 0.0181540425824638
3 0.5038900343 0.0214208297223222
3 0.5062355378 0.0219259618614629
3 0.5039434982 0.0200034997028578
3 0.4932209061 0.024897535864822
3 0.4933288089 0.0248573471072901
3 0.4889070711 0.0291311870494207
3 0.4944298233 0.0166267239220153
3 0.502684106 0.0204612635726844
3 0.5032355548 0.0166706365851881
3 0.5006227809 0.0213709055147681
3 0.5041820897 0.0175802314596842
3 0.4958585021 0.0214820668271401
3 0.5020118178 0.0217133225475008
3 0.4962872009 0.0185272636973772
3 0.4942278158 0.0220061825899789
3 0.5075513585 0.0277494924870547
3 0.4990089427 0.0211536070143602
3 0.5000653417 0.0182891528917304
3 0.5072315681 0.0221668988318787
4 0.5042454969 0.0354441010260854
4 0.4989406011 0.0266048942453256
4 0.5019346163 0.0253106998498651
4 0.503013814 0.0276904361905486
4 0.4990584306 0.0266983354962479
4 0.4971703373 0.0245878762266582
4 0.5087236716 0.0283709503384935
4 0.4971782494 0.0298998117117423
4 0.4934327342 0.0301301907307454
4 0.5072612847 0.0261364470839222
4 0.4960980808 0.0247899271236595
4 0.4953753248 0.0232160719093217
4 0.5007554402 0.0216695881461754
4 0.5081107761 0.0243957597631927
4 0.4938198855 0.0260929859939524
4 0.5016643187 0.0275206997686488
4 0.5025742203 0.0219657583414395
4 0.5012207611 0.0255516138345777
4 0.4998742585 0.0255716390201077
4 0.5013286958 0.0287163343896386
4 0.497626774 0.0250344316595759
4 0.495347602 0.0257754760206985
4 0.4994277484 0.0255755043173934
4 0.5001287146 0.0348436697584507
4 0.5073840465 0.0250799334153293
4 0.5006881138 0.0266686142911339
4 0.5024742273 0.0261514808330735
4 0.4932733848 0.0256936244639548
4 0.4953644335 0.0248237549084008
4 0.5040662801 0.0264073523025389
4 0.5003505103 0.0265307270019579
4 0.5083929837 0.0329283652477347
5 0.5029692841 0.0388410623613428
5 0.4993277282 0.0336305822437663
5 0.499952472 0.0359813995264776
5 0.4984138816 0.0339987172157953
5 0.4995009892 0.0322658121700227
5 0.4987010021 0.0332580033704929
5 0.5054949847 0.0315417059103822
5 0.5022128472 0.0317478351935372
5 0.5016821532 0.0338287409849701
5 0.5038039308 0.0345173559430954
5 0.50280592 0.0341735276723132
5 0.5009257385 0.0330597248866937
5 0.5015078976 0.0322924585813536
5 0.4955495459 0.0306036424880772
5 0.5025019625 0.0327038469728253
5 0.4932931377 0.0343141743594413
5 0.4973614178 0.031294878926194
5 0.5008841412 0.0337868291419927
5 0.4973386299 0.0329579819920065
5 0.5038969824 0.0301958940041516
5 0.5032118386 0.0340247096773538
5 0.5000574321 0.0364647842648457
5 0.501904921 0.030494583282444
5 0.4949515507 0.032516952785639
5 0.5018356183 0.0316135032128827
5 0.4995703004 0.0329079239908764
5 0.494660459 0.0315805127809773
5 0.4960346878 0.0323231111037702
5 0.5001534649 0.034238410705334
5 0.4987089214 0.0332948456731949
5 0.4964673531 0.0341066271257656
5 0.4973158711 0.0308933984033155
6 0.4997574317 0.0408437189737969
6 0.500574251 0.0410355851750266
6 0.5044266954 0.0403115853686321
6 0.499351487 0.0396106734285871
6 0.506041532 0.0397494657141128
6 0.493653524 0.0383920364456754
6 0.5013801914 0.0393609677379087
6 0.4988425807 0.0394986719317539
6 0.5040890806 0.040171659914745
6 0.4965148793 0.0401109218091703
6 0.4965990337 0.0394905704047897
6 0.4952505332 0.039158348165427
6 0.5003970252 0.0393276068078861
6 0.505196989 0.0388862461263833
6 0.5001970273 0.0398725245053081
6 0.4975138824 0.039564161280302
6 0.4990584288 0.0405819157711523
6 0.5024999836 0.037122214067152
6 0.4988505059 0.0387779859477047
6 0.4993000115 0.0382329699096785
6 0.5002277161 0.0383769004745785
6 0.5017742404 0.0372953809067196
6 0.5038890742 0.0385090504944421
6 0.5004564384 0.040293551449889
6 0.5046940147 0.0387606805778919
6 0.4963059723 0.0401686905482911
6 0.5001633642 0.0383245644262346
6 0.5005712807 0.0381920068741093
6 0.4993455474 0.0394466307529874
6 0.4978247735 0.0376455156952909
6 0.5018247311 0.0381449570112529
6 0.5032177895 0.0394410959138369
7 0.4986109019 0.0443833961415638
7 0.4995316886 0.0435420536154456
7 0.499785152 0.0441037646490628
7 0.4994108988 0.0440398434472949
7 0.4953000417 0.0437582323147964
7 0.5013534508 0.0453641340358202
7 0.5017514714 0.044142624764684
7 0.5013643429 0.0443850483263769
7 0.4996425774 0.0445150538310038
7 0.5021772066 0.0448819416127468
7 0.5003950541 0.0442394656885842
7 0.4985871393 0.044875156853136
7 0.4967376525 0.0437597639476405
7 0.5022811715 0.0436099477580613
7 0.5036296794 0.0442793349423081
7 0.5066643038 0.043348188124235
7 0.4985000075 0.0462992813178984
7 0.4981861542 0.0455645986724523
7 0.4994257465 0.0446418821921904
7 0.5017366222 0.0440318012530924
7 0.4991504975 0.0442051349315962
7 0.5026791905 0.0438389394038863
7 0.4991693145 0.0449132909600385
7 0.5008425667 0.0446273002029261
7 0.4999594068 0.0468536446655152
7 0.4962980472 0.0441997696956001
7 0.5028831458 0.0436686781034264
7 0.5010910786 0.0459129295513543
7 0.4975584311 0.044396064233006
7 0.498402979 0.0429807387364735
7 0.4979039766 0.0430941833721594
7 0.4978445686 0.0438599933171663
8 0.4995762423 0.0471895145878816
8 0.5019237495 0.0463007632203836
8 0.4991633733 0.0476175148360418
8 0.5012821638 0.0476300440614587
8 0.4957554723 0.0463819695729039
8 0.5006742583 0.0471117461533994
8 0.5011742488 0.0473392441116312
8 0.4978505054 0.0464551006244069
8 0.4996118834 0.0460717403375755
8 0.497982196 0.0471636406335364
8 0.497743582 0.0470197824028014
8 0.4983396128 0.0471806957335483
8 0.5018009738 0.0473586841725419
8 0.4977752584 0.0481731052116012
8 0.5024574128 0.0465848435434315
8 0.4993168347 0.0466511317740262
8 0.4959633995 0.0470355393698944
8 0.5005227722 0.0468344177596327
8 0.5010366192 0.0466305328219646
8 0.5004296991 0.0466446989920008
8 0.4985673383 0.0466507348409494
8 0.5008485142 0.0470545792259607
8 0.5005475245 0.0463592665439893
8 0.5015069222 0.0467810338461146
8 0.497216849 0.0478808652210967
8 0.5000316847 0.0467751168715325
8 0.4980673433 0.0465916829045145
8 0.498221797 0.0458963613916037
8 0.4992514877 0.0469718210047545
8 0.5028593856 0.0468431921825989
8 0.5007257329 0.0468721002511297
8 0.4994524802 0.0476894022498993
9 0.5006831592 0.0481958209801291
9 0.5004772175 0.0488024987278705
9 0.4997603968 0.0485761113417023
9 0.4998613804 0.0482953578202191
9 0.4990940649 0.0485272609013732
9 0.5010554427 0.0485579664844197
9 0.5021564228 0.0479483650851546
9 0.5024494903 0.0492823892942191
9 0.5019989941 0.0478313431163865
9 0.4998306962 0.0488129754856645
9 0.5001613863 0.0489325606564945
9 0.4982742714 0.0487638559074858
9 0.4996049541 0.0481206705913811
9 0.5011445459 0.0492503940251371
9 0.4996900961 0.0484356463421345
9 0.50033465 0.0482690174751766
9 0.499298024 0.0488076191611089
9 0.4982673363 0.0488830883099858
9 0.4971287352 0.04781910614954
9 0.5016376076 0.0485973276118608
9 0.5001524764 0.0487650037117844
9 0.4993683142 0.0489976270740815
9 0.4990138673 0.0486522066616695
9 0.4991831714 0.0475624424302581
9 0.5005396005 0.0480958302402355
9 0.4991029703 0.0482246505626096
9 0.5010554397 0.0490862938774504
9 0.4981564482 0.0475638199127171
9 0.4997336671 0.0480840537927824
9 0.5014999873 0.049040945140429
9 0.5002960433 0.0482322891148819
9 0.4998712878 0.0482572076199266
10 0.5004445534 0.0488515974270368
10 0.5005267317 0.0495925208527734
10 0.5002772288 0.0491044436996526
10 0.5001663343 0.0481635481763277
10 0.5010296945 0.0486978318093923
10 0.4983188182 0.0497466755968903
10 0.5017465245 0.0484911374174828
10 0.500919799 0.0488168535748925
10 0.5012009832 0.0492142034083214
10 0.5003099015 0.0498453635664272
10 0.4984940738 0.049567503413751
10 0.5015267223 0.0493825798157398
10 0.5007445581 0.0494061203161723
10 0.5005415769 0.0496719645251954
10 0.4998900977 0.0494217291959622
10 0.5004831661 0.0486608080056722
10 0.5007415782 0.0496383850637353
10 0.4992168377 0.0497336409653639
10 0.5000673303 0.0489133424949921
10 0.5003930613 0.0492101544945337
10 0.499288125 0.0483079700443514
10 0.4989604061 0.0499480822407081
10 0.5012673137 0.0481962056986592
10 0.4997673222 0.0496257980633433
10 0.4982663452 0.049294470691455
10 0.5004128723 0.0493413035151733
10 0.5003564355 0.0497016582496833
10 0.4995792124 0.0489768763609675
10 0.5015702849 0.049750298004252
10 0.5002059389 0.0487911371453521
10 0.5012445451 0.0493801735424986
10 0.5019613716 0.0490798222962245
11 0.5000821788 0.0491811667810273
11 0.5007871197 0.0486914857882402
11 0.4996960383 0.0493180476706047
11 0.5002158423 0.0493731507974911
11 0.4995000011 0.0496903593305194
11 0.4995178257 0.0500947364933119
11 0.4998485175 0.0495739309066756
11 0.4992732678 0.0499541987000218
11 0.4997782163 0.0496977060827087
11 0.4997386141 0.0491524227156614
11 0.4978911011 0.049253572578972
11 0.5011197886 0.049641167931932
11 0.4999029652 0.0491488343009018
11 0.4992851509 0.049900962846214
11 0.4989316924 0.0493666294283385
11 0.49837229 0.0490894250398064
11 0.4998178185 0.0495473202875486
11 0.5009613781 0.0498478731198393
11 0.500499996 0.0486487507951497
11 0.5001178236 0.0496327216896446
11 0.5006316802 0.049577259630419
11 0.5004296978 0.0495459879807414
11 0.5007118792 0.0495170075651591
11 0.5013722663 0.0496800400233419
11 0.4991386173 0.0494315997211434
11 0.5014049475 0.0497995592165328
11 0.4986257469 0.0495952531513607
11 0.5000415915 0.0494973548962568
11 0.4992148541 0.0493344004196412
11 0.5005584113 0.049069496011017
11 0.500247521 0.0502291497027288
11 0.5009247489 0.0497714080134108
12 0.4999782205 0.0500004797581132
12 0.4995504913 0.0499290018481912
12 0.4995683168 0.0496139947805057
12 0.500046534 0.0490700538408084
12 0.4998247571 0.0498696150127194
12 0.5002801944 0.049953204497343
12 0.4993069388 0.0501020452374187
12 0.50008812 0.049409668210522
12 0.5007980114 0.0484233816745315
12 0.5004544497 0.0492609983858759
12 0.4998029706 0.0497729132765718
12 0.5012405855 0.0492122226410311
12 0.5000485098 0.0489277923608703
12 0.5002386104 0.050203617676773
12 0.5006693021 0.0497159813185688
12 0.4996752476 0.0494211775462291
12 0.5000069342 0.0497070762445987
12 0.500704945 0.0491392843791981
12 0.5005039573 0.0501269978907398
12 0.499577228 0.0494783293883911
12 0.500386135 0.0498896547691911
12 0.4996099025 0.0493297676194358
12 0.5010395943 0.0496448856864007
12 0.5003336663 0.0495463331982184
12 0.5004237581 0.0494126907937499
12 0.4988227764 0.0496137600446608
12 0.4999039596 0.0496258559309747
12 0.4999346492 0.0499417805011045
12 0.5002633667 0.049370140770648
12 0.5006950442 0.0496187096167549
12 0.4988831828 0.0492016401335582
12 0.4997039663 0.0500724948294531
13 0.5006118728 0.0491479132349641
13 0.5005554413 0.049055940211079
13 0.4994940581 0.049869518279581
13 0.5004059404 0.0501706986982326
13 0.5005267281 0.0496225595417338
13 0.4998366339 0.0496701102478752
13 0.4999099011 0.0491207144937628
13 0.4997059418 0.0497483983724429
13 0.5003821771 0.0498206636131979
13 0.4996861388 0.0495980818224473
13 0.4999475221 0.0491367311778795
13 0.4998376272 0.0502983491745881
13 0.4999366364 0.049563242528186
13 0.5002287135 0.0496939276566324
13 0.4998277205 0.049412621011184
13 0.4997574285 0.0503397201986012
13 0.5001623779 0.0490158326522579
13 0.4998613841 0.0494561592232037
13 0.5003742544 0.049844330924983
13 0.5002831636 0.0496300789109659
13 0.4993910928 0.0497699726624083
13 0.4995594156 0.0499783413738144
13 0.5000267363 0.0495415141893421
13 0.5007980171 0.049374519869111
13 0.4992207926 0.0496682146350832
13 0.4995534727 0.0498089094391737
13 0.5000118834 0.0493968466416452
13 0.500719795 0.0498094490769845
13 0.5008504879 0.0493476241194657
13 0.4992188128 0.0499035031233716
13 0.4996663399 0.0493655429667882
13 0.4996792077 0.0491061750157394
14 0.4999455449 0.0496071491301049
14 0.4991475289 0.0496571391490913
14 0.499362384 0.0492496118941491
14 0.4990831777 0.0495830854151116
14 0.4999336674 0.0490342537432741
14 0.5004168327 0.0497234726144222
14 0.4997366368 0.0494324532295062
14 0.4994851577 0.0499560489890132
14 0.5003980144 0.0496304760448158
14 0.500557426 0.0495472884345536
14 0.5016237584 0.0498483945760203
14 0.4995990126 0.0500027969602704
14 0.501231676 0.0501169399119643
14 0.4999960407 0.0501222943539177
14 0.4989109007 0.0495556655104546
14 0.4987574316 0.0496522641607445
14 0.5002366311 0.0496674475416036
14 0.4998762397 0.0492077833019106
14 0.5001980155 0.0495864232491831
14 0.4999970254 0.0499532061324521
14 0.5000504923 0.0499665260591106
14 0.500297025 0.0492142151665209
14 0.5000178201 0.050002834396699
14 0.4995277266 0.0501986417216355
14 0.5000059396 0.0490994359372803
14 0.5008158316 0.0503654313325
14 0.4993980265 0.0497174346200014
14 0.5006019799 0.0500965693457897
14 0.4987366425 0.0494602359767822
14 0.5008128688 0.049948163524974
14 0.4995435657 0.0505465864406862
14 0.5002504877 0.0503330580438846
15 0.500118811 0.0496653042728214
15 0.4989980285 0.0499961303966332
15 0.500500987 0.049367902870189
15 0.4996207974 0.0495990071210029
15 0.5007415815 0.0499296411178147
15 0.5001752502 0.0495787966564074
15 0.5005089085 0.0497569107075996
15 0.4994089186 0.0495013675296158
15 0.5001089021 0.0486669125428495
15 0.4993594109 0.0494432838097759
15 0.4996079225 0.0492874002608389
15 0.500310891 0.0496301113693126
15 0.4992811946 0.0503304983820295
15 0.5001901 0.0495898144135724
15 0.5001910875 0.0491930217311373
15 0.4995415909 0.0495728336755727
15 0.4999633695 0.0501191517089104
15 0.4997267369 0.0489675133466058
15 0.5001237627 0.0509928241503338
15 0.500214855 0.049922708685357
15 0.4994821821 0.0494131846012983
15 0.5008564279 0.0493270557053131
15 0.5008445515 0.0494380365293964
15 0.500946528 0.049772968575319
15 0.5005782147 0.0495636712335519
15 0.4996237637 0.0502090223001533
15 0.49962574 0.0500976160441306
15 0.5001138628 0.0497763236294986
15 0.5007128637 0.0498803584739792
15 0.4997316862 0.0501935078505175
15 0.5015692981 0.049353240688065
15 0.5002970264 0.0494503078264971
16 0.4989148595 0.0498801326417582
16 0.4999891025 0.0499828334587311
16 0.4999475236 0.0493654538661541
16 0.4995851513 0.0497757116692451
16 0.4997178246 0.050317501108686
16 0.5004564302 0.0494486955303362
16 0.4998297115 0.0496758110702786
16 0.5000405945 0.0497925870081839
16 0.5003178151 0.050494479481806
16 0.5000455463 0.0496766751173277
16 0.5005871294 0.0494072498228384
16 0.5000267252 0.050463618273156
16 0.4998584156 0.0496747151748598
16 0.5007108877 0.0496481151031599
16 0.5000633706 0.0493761628759272
16 0.4993732734 0.0502549240423513
16 0.4997336667 0.0492384878869422
16 0.5002148516 0.0494124548765356
16 0.5004663333 0.0497496435064867
16 0.5007623755 0.0500922322167873
16 0.5003534592 0.049876533664201
16 0.4994316851 0.0496116297279415
16 0.5002643582 0.049660793572706
16 0.5010861329 0.0499413972830606
16 0.5008940529 0.049976015062074
16 0.499578217 0.0493662602087277
16 0.4996792089 0.0498710536533279
16 0.5005514808 0.0493214693497113
16 0.5002712812 0.0490097485365604
16 0.498206945 0.0501506517796386
16 0.5001504912 0.0492913153326085
16 0.4995425793 0.0497278476827223
17 0.5001188183 0.0504356954073423
17 0.4998089154 0.0496846140046023
17 0.5001118808 0.0498046843596123
17 0.5002712883 0.049247021938129
17 0.4990386244 0.0500028081300822
17 0.4994584202 0.0495769376291366
17 0.4993207985 0.0504232923440108
17 0.4994604018 0.0498616936293335
17 0.4993514885 0.0498568578307513
17 0.4996594084 0.049595728748097
17 0.4995871317 0.0493126852741143
17 0.4997049544 0.0499605783868821
17 0.4996861376 0.0491301722591066
17 0.4996821861 0.0502059123890299
17 0.50002475 0.0494553585949053
17 0.5006742501 0.0495725426963868
17 0.5000881214 0.0498360195789753
17 0.499389116 0.0497244239140335
17 0.5008841531 0.049579327950232
17 0.50013861 0.0497591259446403
17 0.499303966 0.049633904839007
17 0.5003098998 0.049832969858852
17 0.4995405927 0.0497298015293327
17 0.5006871224 0.0492547201434955
17 0.4999247531 0.0495198881257232
17 0.5011435544 0.04984972724891
17 0.5004594042 0.0504036038536032
17 0.5000732643 0.0501509863402041
17 0.5008732635 0.049521151240587
17 0.4992237687 0.0491378124942724
17 0.5011247443 0.0500752247883709
17 0.4999247519 0.0496373468975634
18 0.4604696245 0.187005338935623
18 0.5307383122 0.163402228293364
18 0.4924691493 0.122808141778339
18 0.519088559 0.121201942730038
18 0.4847736226 0.115301002245746
18 0.4745203892 0.100265416815202
18 0.5078850761 0.0911212537367302
18 0.4850696752 0.0919851163257614
18 0.5202801031 0.0748350061055851
18 0.4787850863 0.0741921932208069
18 0.5155069739 0.0618823507554676
18 0.482250255 0.0742693457394141
18 0.4846875496 0.0622055667625315
18 0.5097054703 0.0745725710444486
18 0.5010472911 0.064671196934608
18 0.4947268675 0.0633661708658411
18 0.5053477485 0.0667359530143724
18 0.5129826098 0.0577313137776146
18 0.5087826029 0.0567499359346041
18 0.4976258878 0.06656184217692
18 0.5146318707 0.057623027396009
18 0.483164172 0.0556291775716282
18 0.4817144351 0.0561812087950994
18 0.487697021 0.0576375191498223
18 0.5075328183 0.051497785843292
18 0.5045482625 0.0526046468441197
18 0.5008054701 0.0513803203245286
18 0.5074049857 0.0560104913156476
18 0.5009860466 0.0454012381635337
18 0.5032457478 0.0477981307249151
18 0.496514945 0.0552988693155143
18 0.4951437436 0.0400158862973779
19 0.5077129336 0.0296811712340395
19 0.500531345 0.0227808063611414
19 0.5011318424 0.0222760398985304
19 0.4966099486 0.0204664617403589
19 0.4970895476 0.0208012277817791
19 0.4974955198 0.0195895911951201
19 0.5009945303 0.0203236995612725
19 0.4961800933 0.0195958435054137
19 0.5018079577 0.0224995653748537
19 0.5006422883 0.022635136072047
19 0.4975114407 0.0205012216397501
19 0.5017840787 0.0207121688136033
19 0.5016895541 0.020170893969193
19 0.4980014944 0.0215033227335272
19 0.4978248726 0.0195050496660536
19 0.4991412895 0.0195682467360344
19 0.5025079607 0.0210801542115022
19 0.5001691518 0.0210321681694719
19 0.5020776174 0.0204873436830287
19 0.499317405 0.0211050939318062
19 0.4985746233 0.0218294535296635
19 0.4984716402 0.0191123494596015
19 0.4989393065 0.0209587768668912
19 0.5003363212 0.0207785336230491
19 0.5004427892 0.0196026710669097
19 0.5044447874 0.0191421215607149
19 0.4962975043 0.0205773786438061
19 0.4995273575 0.020448005511116
19 0.5003955284 0.0183681794904333
19 0.498507459 0.0198672874533841
19 0.5025756219 0.0191714193665569
19 0.4998333267 0.0193879536608401
20 0.4985069672 0.0345877386810591
20 0.500135323 0.0336423861382123
20 0.5000651737 0.0336539219538558
20 0.5007761248 0.0343378891483787
20 0.4997189052 0.0344253408620417
20 0.5002114436 0.0343824522201004
20 0.5002820889 0.034710782233864
20 0.4987467669 0.034465495077153
20 0.4998119401 0.0344402891185218
20 0.5004253745 0.0350340846578162
20 0.5012169161 0.0341417163963224
20 0.4998661745 0.0342576337177751
20 0.4990900421 0.0340906255892853
20 0.4997204016 0.0341571726091517
20 0.5002059598 0.0343205226672759
20 0.4993825895 0.0346978703014253
20 0.4998427849 0.0341639052982875
20 0.4988990071 0.0340394930390816
20 0.4995865711 0.0347264309398522
20 0.5003278627 0.0343784517071817
20 0.499951245 0.0341658993520064
20 0.5002970161 0.0343404707935764
20 0.4998761151 0.0342020598310733
20 0.5003373154 0.0339919653203747
20 0.5005343274 0.0349481918323859
20 0.5006766174 0.0346642283927974
20 0.4995537319 0.0341749716127094
20 0.5008437865 0.0344336967717272
20 0.5006457689 0.03475040018689
20 0.5004786075 0.0347481821694438
20 0.5005532338 0.034609024826705
20 0.500167162 0.0342630529796325
21 0.5001179082 0.0352411797267746
21 0.5006348233 0.0354684885830862
21 0.4999716427 0.0353973896579832
21 0.4996184008 0.0351269537608431
21 0.5004527338 0.0350717285969114
21 0.4998313391 0.0349045990627666
21 0.5001960142 0.0351448975090793
21 0.4996990056 0.0355234523088925
21 0.500531838 0.0350537458884758
21 0.5000920389 0.0352106234957759
21 0.4996925353 0.0353675827785179
21 0.5000403008 0.0351074277256177
21 0.4991079639 0.0348271381598149
21 0.4995706474 0.03502965323891
21 0.4996557194 0.0357932415963246
21 0.5001756238 0.0354094136050833
21 0.4999208922 0.0353607850298515
21 0.500341294 0.0352283502892113
21 0.500094028 0.0349257240633942
21 0.5003238837 0.035472481452405
21 0.4998029856 0.0348737963627746
21 0.4998671685 0.0356225942256378
21 0.4996691564 0.0356821364695311
21 0.5002253716 0.0358472673675008
21 0.4997542289 0.0354858819884127
21 0.4994109495 0.0358709536540326
21 0.5002776087 0.0350652250189151
21 0.4994905525 0.0353110312207252
21 0.4998771151 0.0352809083660266
21 0.5005686531 0.0353915723925909
21 0.4998830878 0.0350280605427196
21 0.5004109457 0.0353047480638304
22 0.5704381993 0.161339544134437
22 0.4677348697 0.127304740481415
22 0.5052996769 0.0954732463135431
22 0.4889126188 0.0886469734225697
22 0.4969608051 0.0873970347218527
22 0.5135518276 0.0830115371679803
22 0.5111535156 0.0750977244571939
22 0.4752793872 0.0694190699395174
22 0.4864840332 0.0720075304595456
22 0.4967139518 0.0724025881083774
22 0.4940747343 0.0614283567316869
22 0.5032604524 0.0680754224889309
22 0.4895531297 0.0570311110375021
22 0.5003628056 0.0591339995387235
22 0.506962151 0.0555078135975507
22 0.498087375 0.0598893860640121
22 0.502810634 0.0571663160628745
22 0.504821599 0.0589780716260669
22 0.4921840501 0.0558498692903409
22 0.5161821089 0.0529046124781667
22 0.5008681061 0.0539123429709552
22 0.5097913684 0.0588015872409401
22 0.5166724626 0.0504858094169783
22 0.4933886811 0.0524322482806887
22 0.5082375625 0.0460137655327049
22 0.4893670768 0.0467381590050573
22 0.4998023015 0.0504072202816328
22 0.5072451882 0.0470718224806534
22 0.5023946779 0.0405981995670862
22 0.5085913684 0.0428081514704865
22 0.4964358798 0.0483350211405148
22 0.5017332151 0.0398999277077333
23 0.499879404 0.0254187663528833
23 0.4956412117 0.0187157018411125
23 0.5007508333 0.0157882680864187
23 0.4970817355 0.0168388660625936
23 0.5015893658 0.0171363168367203
23 0.5005421892 0.0165321487168705
23 0.5004926926 0.0152486362612559
23 0.4987890425 0.0162075972464873
23 0.5013604599 0.0142647849513606
23 0.4997784045 0.0149184844867104
23 0.5001162761 0.0150972268124716
23 0.5011378703 0.0153457227349546
23 0.5021754065 0.015014473606498
23 0.5022249057 0.0161996754080549
23 0.4950192816 0.0139626143356397
23 0.5001976721 0.0151274245402416
23 0.503147501 0.0154181051192468
23 0.5012976675 0.0145921976921193
23 0.5023192684 0.0151532353069101
23 0.49798007 0.0162109958765719
23 0.4980747545 0.0144353568356839
23 0.4960830684 0.0136033235544735
23 0.4998946847 0.0154942987354451
23 0.5031043127 0.0155802288574861
23 0.4995704294 0.015260964454307
23 0.4982511641 0.014404168830472
23 0.4988515004 0.0151925310559297
23 0.4970142862 0.0156289178518032
23 0.4976601372 0.0140552600864725
23 0.4984807386 0.0155317589888782
23 0.4987943547 0.0143793991296723
23 0.5007461801 0.015942395104263
24 0.49941827 0.0282896948468511
24 0.5001269106 0.0280711928883798
24 0.5008272489 0.0278461652716237
24 0.5004059779 0.0276095891692003
24 0.5004956776 0.0277773705342539
24 0.5003156171 0.0282458848663035
24 0.499249506 0.0281260064727571
24 0.499830566 0.0280327999796687
24 0.4997235855 0.0282080533810337
24 0.499847172 0.0276546548694431
24 0.4996152843 0.0281837184803356
24 0.4999700988 0.0277541484804169
24 0.5004308961 0.0280561388654909
24 0.5001451824 0.0278526388033479
24 0.5003720911 0.0278550141067042
24 0.4998049823 0.0276505136613474
24 0.5006983382 0.0281431587375972
24 0.4992332232 0.0278956596654246
24 0.4988511662 0.0277799710602619
24 0.5002239167 0.0280393077687623
24 0.4996093052 0.0282553385575497
24 0.5002332201 0.0283008007234003
24 0.5002176091 0.0279057817444517
24 0.4987684341 0.0279330742660999
24 0.4999863798 0.0279229194648141
24 0.4997754168 0.0277235672746694
24 0.4995039881 0.0281634558244253
24 0.4999624589 0.0279344346984453
24 0.4991149528 0.0274676802649275
24 0.5002046529 0.0275029387433557
24 0.5001780713 0.0278756296508879
24 0.5000737518 0.027627702267544
25 0.4998352108 0.0291058373174516
25 0.4999511584 0.028778989531006
25 0.4994255812 0.0287757502668262
25 0.5000016625 0.0286408494478167
25 0.4999475056 0.0288084226081034
25 0.499834219 0.0291031792075099
25 0.4997398668 0.028742772508403
25 0.4996043222 0.0285792708290659
25 0.4995215972 0.0284341495908115
25 0.4997827259 0.0289071477099219
25 0.5001355488 0.0284956308070997
25 0.5002534853 0.0289565295489417
25 0.4997950146 0.0289422725808427
25 0.4996186008 0.0287965587111134
25 0.4999073127 0.0291312908929492
25 0.499710629 0.0286617285114817
25 0.4999651165 0.0287656174050966
25 0.4999847188 0.0281532737800914
25 0.5000681074 0.0286608011421537
25 0.5000774069 0.0292578864056518
25 0.4999086393 0.0290639935238527
25 0.5002106352 0.0284333533904994
25 0.4999531534 0.02852030816025
25 0.4998076465 0.0286448261430265
25 0.5000010016 0.0287243610217426
25 0.5001076378 0.0290600993893941
25 0.4999033239 0.0287541567613605
25 0.5002345492 0.028846614210207
25 0.4997524968 0.0286350374943847
25 0.5003803964 0.0290553019154165
25 0.5000096329 0.0287891929888289
25 0.4993029885 0.0287781855086919
26 0.5731930343 0.155595556217554
26 0.4672678303 0.113655104337906
26 0.489076046 0.116371933225915
26 0.5359089768 0.0928325485637475
26 0.5196895283 0.0999949276374523
26 0.5263187187 0.0754304031591019
26 0.478420423 0.0717739278426719
26 0.4773860236 0.0694994952145276
26 0.5155017495 0.064818716407379
26 0.4939246962 0.0738571401036591
26 0.5124339269 0.061382748001778
26 0.4747747944 0.065285271926066
26 0.5193663552 0.059606810645863
26 0.5079857919 0.0700528878818843
26 0.5226204675 0.062139040659931
26 0.5128448883 0.0609816343995225
26 0.5125129595 0.0575774577452365
26 0.4865845361 0.0577464245085897
26 0.4979912743 0.0519322718235678
26 0.5208618367 0.0527402156010344
26 0.5066618502 0.0587890642924192
26 0.5111620831 0.0615639406220759
26 0.5036573448 0.0536479080898962
26 0.4989117141 0.0624835507270282
26 0.503322196 0.0617542600434362
26 0.5057336633 0.0569401097476984
26 0.4830047383 0.0504863564188054
26 0.5053501411 0.0593925722549857
26 0.4958571019 0.0520695213863452
26 0.5111483629 0.0477768571159279
26 0.4928605881 0.050753090972901
26 0.4957306804 0.045440753177805
27 0.49917955 0.0307517084537783
27 0.5012149604 0.0206590139203508
27 0.4982685816 0.0163682235965823
27 0.5011097232 0.0150802864511297
27 0.4991705743 0.0134266421380772
27 0.4996471317 0.0129705397016073
27 0.4970059918 0.0144973837974798
27 0.4981157196 0.0126223222793568
27 0.4988356663 0.0140200298066346
27 0.496898759 0.0137765081936505
27 0.5011578526 0.0121613149495358
27 0.501118698 0.0125711957740429
27 0.4996930205 0.0128709140751072
27 0.4998406515 0.0127416022977316
27 0.4976698323 0.0111908093683973
27 0.5004513688 0.0136304051879886
27 0.4976152176 0.0115454893567098
27 0.49819252 0.0130990137846333
27 0.5000192021 0.0145429147095306
27 0.5033575944 0.0112295151712256
27 0.5011910179 0.0123853130748793
27 0.5008695752 0.0115979285605764
27 0.5001802935 0.0140012551798408
27 0.5008902753 0.0134666487736418
27 0.5010501197 0.0108888405163796
27 0.5035974951 0.0132279147506718
27 0.499049882 0.0103634635714319
27 0.5013371522 0.0135967059775807
27 0.4994182088 0.0133907827891716
27 0.5012730692 0.0135347894035493
27 0.5027024897 0.0112659525951551
27 0.5007997426 0.0128090993958701
28 0.500089026 0.0244364665818122
28 0.5001832888 0.0239690122035723
28 0.5004610976 0.0241057127372275
28 0.4994730633 0.0240837367867126
28 0.5002877859 0.0239825677372459
28 0.5001516202 0.0239044153632365
28 0.5004880292 0.023783460562218
28 0.4998493764 0.0240482555793505
28 0.5000882813 0.0240934654620536
28 0.5007468774 0.0242688485388514
28 0.5002713197 0.0239173160660153
28 0.5008655846 0.0238624042749808
28 0.4996256851 0.0242509533644029
28 0.5003793003 0.0237089585358237
28 0.5003074799 0.0238817198963625
28 0.5006990068 0.0239310717499251
28 0.4998438928 0.0240759546875824
28 0.499897006 0.0240673744580479
28 0.5000259374 0.0241224585442633
28 0.4997326651 0.0235898289779995
28 0.4998309237 0.0240794067124969
28 0.4997618459 0.0239265047576353
28 0.5001398975 0.0242516134641627
28 0.5004541123 0.0243117299164013
28 0.5000187008 0.0243781627764792
28 0.4994374065 0.0242267557653135
28 0.5001269304 0.0235682683159263
28 0.5000920221 0.0237894331178954
28 0.5002411484 0.0243550519624037
28 0.5003945147 0.0237171016047205
28 0.5000221976 0.0240901085518633
28 0.4990294284 0.0240902671496978
29 0.5000738138 0.0250561680066815
29 0.4995531213 0.0250620765750169
29 0.5000381507 0.0250185580136725
29 0.5002715648 0.0250945941272586
29 0.5000448887 0.0249994368268943
29 0.4999503734 0.0247807790294152
29 0.5000810471 0.0249639646329284
29 0.4998381547 0.0247017922514625
29 0.5001443906 0.0249165660050052
29 0.499833918 0.0249526996181355
29 0.4998037406 0.0248733680195018
29 0.4998197047 0.0249344768117217
29 0.4995633427 0.0248842377026032
29 0.4999528731 0.025121363230232
29 0.5005900245 0.0251954978379001
29 0.4997154649 0.0249634705621918
29 0.5000241905 0.025063412553088
29 0.5003586026 0.0250137147628635
29 0.4998566111 0.0248674261107939
29 0.4995254373 0.02472097282159
29 0.4999371576 0.0248779905569437
29 0.499669076 0.0252413912390342
29 0.499621947 0.0250597606475473
29 0.5002608509 0.0248554420626526
29 0.4999945102 0.0248896366857922
29 0.4998558628 0.0253914987837391
29 0.500049877 0.0247053391375318
29 0.4997341693 0.0248768485265216
29 0.499840398 0.0246686336619779
29 0.4995693248 0.0246735746282536
29 0.5000710725 0.0248736642030267
29 0.5002109707 0.0249188427540699
30 0.564942637786 0.252529905821283
30 0.51140198945 0.268482748602423
30 0.5268188388 0.178277372112293
30 0.4761029463 0.154235689562875
30 0.4617425359 0.134024017778717
30 0.5192812074 0.113441517110861
30 0.5051930745 0.127572230975963
30 0.4992702963 0.12752531244189
30 0.5145782324 0.116146021389869
30 0.5203128917 0.119008602435177
30 0.4888831572 0.116558792970359
30 0.4743484892 0.123655864320337
30 0.4953871241 0.123408760865125
30 0.5049990149 0.105126414754115
30 0.4772197791 0.0944870583148253
30 0.4933920725 0.103017392951288
30 0.5141623903 0.0941151211450008
30 0.4903999903 0.095823875448648
30 0.4793108703 0.0922717000264006
30 0.5152217974 0.0982870690211323
30 0.4908465255 0.0943764276896328
30 0.4977019779 0.0878074496568425
30 0.4931316763 0.0811863968910441
30 0.5039227763 0.0945691097178806
30 0.5048772326 0.0882299106029956
30 0.5002900993 0.0868980315049161
30 0.508653474 0.0801304626931573
30 0.51336536 0.0766780626071455
30 0.4925801906 0.0738169516651235
30 0.4800930493 0.0814814108707024
30 0.4989059396 0.0807273240331668
30 0.4929871216 0.0751789507813635
31 0.4997019898 0.053957653057134
31 0.5012801889 0.047776011554612
31 0.4967802233 0.0435732045756556
31 0.5026801777 0.0413050046102758
31 0.5022217631 0.0404719447217147
31 0.4957356833 0.0386855642989438
31 0.4986653582 0.0378660923400845
31 0.4917792916 0.0352647903878313
31 0.4989524881 0.0350819340300815
31 0.500896032 0.0358268830335066
31 0.5002940564 0.0359319574800157
31 0.5020524533 0.0351093389654046
31 0.5006178156 0.0351496364286674
31 0.4999227762 0.0352541238433394
31 0.5028841285 0.0349412814330128
31 0.5003296972 0.0351652327724886
31 0.5016376054 0.0329003533476759
31 0.4961119195 0.0350119769961443
31 0.503003927 0.0343507254312341
31 0.4937050138 0.03479284608078
31 0.4986366482 0.0337978555784477
31 0.5022227475 0.0344086867793197
31 0.4990821915 0.0345502967776569
31 0.500604946 0.034221074383939
31 0.4970257797 0.0340405342349745
31 0.5072514113 0.0328346602557776
31 0.4983653674 0.0339502378341849
31 0.4960366772 0.0330969110973852
31 0.4992346583 0.0343901959619216
31 0.5021692899 0.0338751538108129
31 0.5022950265 0.032897113413187
31 0.5023227451 0.0340874482761107
32 0.5013158352 0.049429325925171
32 0.4985485237 0.0487735942164479
32 0.498854462 0.0486174673029175
32 0.4997881182 0.0487704114508288
32 0.5003099021 0.0488446104777322
32 0.4999752445 0.0489097712693024
32 0.4989574403 0.0490242125488175
32 0.499492082 0.049161064914711
32 0.4991267379 0.0490647005701839
32 0.5002297017 0.0491332301525906
32 0.5006980113 0.0483091849512578
32 0.4991910937 0.0493157313031848
32 0.5003267278 0.0491847316302718
32 0.5005544507 0.0493756703983136
32 0.4998366353 0.0489756075713165
32 0.5001178224 0.0495241597119646
32 0.4994554473 0.0491197720783446
32 0.5005049536 0.0489786817364199
32 0.5000277227 0.0482250587358876
32 0.498591093 0.0490472422030813
32 0.4990168333 0.048916533107411
32 0.4993633713 0.0489969625447711
32 0.5006217797 0.0495144568879864
32 0.5007594015 0.0497893711960465
32 0.5003188101 0.049136324664706
32 0.4994851506 0.0487882528409519
32 0.4995108915 0.0492433493188526
32 0.4991198126 0.0492422919114144
32 0.4998059444 0.049075683832838
32 0.5016098886 0.0491734205217348
32 0.501161377 0.0490127425771377
32 0.4990059455 0.0492026776677784
33 0.4994683177 0.0496155932760819
33 0.5002118758 0.0495715347968124
33 0.4995089147 0.0496813698356587
33 0.5002772233 0.05007534451874
33 0.4996148576 0.0495679181269485
33 0.5004554384 0.0494024857475027
33 0.5004445539 0.0493167828549208
33 0.4997366382 0.0489833798337058
33 0.4999297046 0.0504291797405001
33 0.5007762356 0.0493820145575256
33 0.4999198024 0.049521860208092
33 0.5005089052 0.0506565226128693
33 0.5001920726 0.0495690414300212
33 0.4994406037 0.0493768055067098
33 0.5007396038 0.0500690806628689
33 0.5002415795 0.0500661306914717
33 0.4997257513 0.0500197259788051
33 0.499289115 0.0506380248709649
33 0.500568311 0.0501960848571776
33 0.4995396106 0.0492175401984545
33 0.4996752495 0.0496825397588624
33 0.4994425763 0.0495334360392166
33 0.4998544592 0.0494176678761611
33 0.4997693087 0.049633511500874
33 0.4997881165 0.0494352796448921
33 0.5002316797 0.0496483169817872
33 0.4998811892 0.0496522723101145
33 0.4993505051 0.0495884938133741
33 0.4995861404 0.0496937166753563
33 0.5010762283 0.0502658385675268
33 0.5001000006 0.0498308826728987
33 0.5001257433 0.0495850770973736
34 0.53287513919 0.24443291466982
34 0.4738253735 0.190952900758472
34 0.468718404 0.180961528005085
34 0.4124711294 0.15245888528157
34 0.509155226 0.164223551476332
34 0.4449616784 0.151943404715826
34 0.5038885553 0.147720992619979
34 0.5416547379 0.115093367126601
34 0.4900129369 0.109427730974632
34 0.5187114439 0.110164002753034
34 0.5227293659 0.0974866719579859
34 0.5326034832 0.101770473385739
34 0.4719253689 0.102670900306254
34 0.5233950298 0.102582539280538
34 0.4943766171 0.0970887316365837
34 0.5220193971 0.0792154769700831
34 0.4812761035 0.079432399579045
34 0.4869313262 0.0923199987451496
34 0.5120607011 0.0809197184326668
34 0.5043243833 0.0839031589456183
34 0.4939144211 0.0785450484149397
34 0.5322403267 0.0737213276484003
34 0.5028442667 0.0803006325856138
34 0.5244253733 0.0742175360428206
34 0.492328368 0.071418723838519
34 0.490202504 0.06247135912422
34 0.4968422963 0.0764572592614454
34 0.5151403041 0.0700466700030392
34 0.4974313263 0.0625546995246472
34 0.4909517307 0.0656161522083522
34 0.5022179114 0.0580599630970347
34 0.4953338382 0.0640533282393872
35 0.4995870676 0.0609443908965526
35 0.5005522426 0.0462236789421703
35 0.5023124381 0.040251470436102
35 0.5002392999 0.0377521320169516
35 0.4986417899 0.036245414911417
35 0.4999039885 0.0343590658720537
35 0.5002039762 0.0331251960114248
35 0.4983457699 0.032078944755397
35 0.5010751272 0.030261771278045
35 0.4992318404 0.0300964362837035
35 0.4994238814 0.0289188671191643
35 0.5011736301 0.0299512316992925
35 0.5006527342 0.0290046715236662
35 0.501817413 0.0299194828825304
35 0.4998397998 0.0285311406247324
35 0.4999716428 0.0296145357705992
35 0.5001631818 0.0289276497138109
35 0.4991452738 0.0294545861170237
35 0.5018243772 0.0276497052263967
35 0.499189558 0.0283634991873015
35 0.4998422939 0.0280238570026835
35 0.4989358248 0.0288822270243846
35 0.4990005024 0.0276956486299472
35 0.5003477598 0.026410524728016
35 0.4998298498 0.0248683222239069
35 0.5009407941 0.0247229729811446
35 0.5012900461 0.0245791314799284
35 0.5013029829 0.0253754853964672
35 0.5016771126 0.0251931662334413
35 0.5007049803 0.0256067614555479
35 0.4996860709 0.0254262578661348
35 0.4995636838 0.0237590173829373
36 0.4994193973 0.0348526934792066
36 0.4996417871 0.0347419412775301
36 0.4994059722 0.0345447049115139
36 0.5007666678 0.0346555618490186
36 0.4993064635 0.0343286245763124
36 0.500480603 0.0343851522524466
36 0.4995363233 0.0346591550783375
36 0.5001233796 0.0340154026926823
36 0.49968458 0.0345955572183384
36 0.5002303493 0.0348463261093938
36 0.499562685 0.0340689491669102
36 0.499395521 0.034628113728836
36 0.500432344 0.0344842744716262
36 0.5004900476 0.0347410427671593
36 0.4989940361 0.034514217966122
36 0.4997024879 0.0341719535483821
36 0.5006233842 0.0348230273137262
36 0.5004905472 0.0343592263234568
36 0.4997203916 0.0345927144619215
36 0.4998845825 0.0341541456550173
36 0.500283084 0.0347382868415357
36 0.4991860704 0.0346807598936287
36 0.4997412952 0.0343104204522943
36 0.5001477617 0.0345676864152856
36 0.5001940289 0.0342470847897003
36 0.5000432792 0.0347713907782348
36 0.4997278518 0.0349265623822302
36 0.5014706494 0.0343167426976923
36 0.5007059694 0.0345195781026232
36 0.4997910472 0.0348203039805241
36 0.4993676617 0.034726556684301
36 0.4993248737 0.0347000106099088
37 0.500263187 0.0351851421115245
37 0.4999462743 0.0352066997941826
37 0.4997686628 0.0355094063933395
37 0.500079603 0.0351128648808468
37 0.5001895516 0.0351787195338594
37 0.5003358138 0.035624803577748
37 0.5000427881 0.0353151016998282
37 0.4998074662 0.0354347609954454
37 0.5007383053 0.0354440716769814
37 0.5004701519 0.0354993808819355
37 0.4997796035 0.0353316835632302
37 0.4998348257 0.035113267849997
37 0.500366171 0.0355890493079686
37 0.4999860706 0.0352376605098641
37 0.500258709 0.0349998024987458
37 0.5006318391 0.0355535125639532
37 0.4996447774 0.0350196691167457
37 0.4994676577 0.0354439311956051
37 0.5005651753 0.0352878129377971
37 0.5003412899 0.0353200001000363
37 0.4997313394 0.0352475932115815
37 0.5008208998 0.0353465790176926
37 0.5007318394 0.0349466697615889
37 0.4996850798 0.0354417020406524
37 0.5004497497 0.0351543963727054
37 0.4998666667 0.0354593298595365
37 0.5000547239 0.0352545430013735
37 0.4998457689 0.0351712993483704
37 0.4994995006 0.0352868993929203
37 0.4999298457 0.0355877372653117
37 0.499512442 0.0351107007293077
37 0.5000298519 0.0353766773050478
38 0.60271862029 0.21058668756154
38 0.5002392003 0.184233023250304
38 0.4926720864 0.157013788941152
38 0.528539216 0.154820290030445
38 0.5211126289 0.132504011847971
38 0.5386112995 0.129117137503227
38 0.4467548031 0.125190814784797
38 0.5506495331 0.093788744912795
38 0.4861777289 0.104382393815425
38 0.4487943275 0.0835729840993845
38 0.4914338757 0.101771026846944
38 0.4903053115 0.0977610323233054
38 0.4990943511 0.0963365758259334
38 0.5039202675 0.0917596864464456
38 0.5032797338 0.0865673635034228
38 0.4856312146 0.0871692642657216
38 0.4927650965 0.0812241000646072
38 0.5186312444 0.0756163037666005
38 0.5065548151 0.0814328441458831
38 0.4972209144 0.0671153010919756
38 0.5104624822 0.0625739302272591
38 0.5173063282 0.0577342875152727
38 0.4760943153 0.0618182385511432
38 0.5054717566 0.0591858656900472
38 0.4970554911 0.0607150683757213
38 0.4913817131 0.0672038811069254
38 0.5084375602 0.0613011927476244
38 0.5052362117 0.0548715943904018
38 0.5075960321 0.0565215133281617
38 0.4808920203 0.0605980917383404
38 0.5114428758 0.0638214150401505
38 0.5099252746 0.071001454413125
39 0.5014418605 0.065491653919164
39 0.4979345519 0.0431479766953793
39 0.4991554867 0.0352866880220627
39 0.4998647786 0.0331313159389265
39 0.5003269066 0.0331398050839286
39 0.4995279055 0.0308598022433784
39 0.5007677734 0.0301717859471092
39 0.5000029911 0.0284203093560575
39 0.4989013253 0.0272572139255203
39 0.4993119608 0.0266468247169792
39 0.5006963431 0.0267032537774746
39 0.4993764125 0.0261499398953764
39 0.5005833883 0.0261814585774828
39 0.4991305648 0.0264460669042841
39 0.5008468433 0.0254019314816973
39 0.4995172738 0.0244260563720717
39 0.4984644552 0.024346904111578
39 0.5007242491 0.0230319759687473
39 0.5000757451 0.0229108778133694
39 0.5004956812 0.0224896885676292
39 0.5014641152 0.0222543950177148
39 0.4999033239 0.0216624044985236
39 0.4988804004 0.0218457080660749
39 0.5003627896 0.023248064060407
39 0.4984973411 0.0222129978944963
39 0.5015687701 0.0210418543172164
39 0.4988897024 0.0211191074867983
39 0.5011950146 0.0212899317347876
39 0.5012235859 0.0213736993706962
39 0.4991010035 0.0209612630754509
39 0.5003368755 0.0215877711286235
39 0.5026774051 0.0208104621732719
40 0.4990820658 0.0286466752215889
40 0.500867778 0.0281821110715496
40 0.5003302274 0.0280264049443288
40 0.4998691024 0.028020243973705
40 0.5000083048 0.0278377994357248
40 0.5005455083 0.0277528182825852
40 0.5000126185 0.0281108912721737
40 0.4993016584 0.0280663337929871
40 0.4999863781 0.0281145065633006
40 0.5008531532 0.0283025035109693
40 0.5000179363 0.0280161314766428
40 0.4998252482 0.0278227321430371
40 0.5004983367 0.0280320720122303
40 0.4996152856 0.0280262638911326
40 0.5002820611 0.0281760028364626
40 0.4996956798 0.0285235216722958
40 0.5004136236 0.0278938722787065
40 0.5006740847 0.0278653086335904
40 0.5002681073 0.0282612630596079
40 0.498608312 0.028108920152323
40 0.5011179416 0.0283506983988465
40 0.4994511579 0.028074257675183
40 0.4996083011 0.0279888439085356
40 0.4991940206 0.0277789585091227
40 0.5005092993 0.0277291173919303
40 0.4992302243 0.028349008735196
40 0.4984897022 0.0278332657279347
40 0.5010385361 0.0282125890393939
40 0.5005049808 0.0286149912054748
40 0.4995315652 0.0279487877144863
40 0.4988674471 0.0281555078669472
40 0.4998445164 0.0279184602220547
41 0.5001225892 0.028895976701932
41 0.4998664469 0.0289484785649765
41 0.5002046537 0.0288019208763755
41 0.5000195998 0.0286908214715597
41 0.5004760828 0.0289607370794488
41 0.500012958 0.028672504255357
41 0.4999707591 0.0284730758617886
41 0.5003421936 0.0289492476266022
41 0.4994016605 0.0287109001587382
41 0.5000777419 0.028901136150099
41 0.4999598022 0.028763655303906
41 0.5001425253 0.02878186077572
41 0.5001900312 0.028702509042036
41 0.4995564815 0.0290234667937538
41 0.5000000021 0.0287811055920791
41 0.500020595 0.0287510839858919
41 0.500235549 0.029034530852972
41 0.4998166127 0.0287804398680319
41 0.5000368767 0.0286344254872033
41 0.4994717581 0.0291936401815342
41 0.5002926872 0.0288997590940881
41 0.5000182751 0.0287248893899953
41 0.4999445164 0.0290077082855632
41 0.4998259159 0.0287670315519912
41 0.4998471775 0.0290069390311041
41 0.5004019946 0.0288466070935258
41 0.5005774061 0.0285350841455269
41 0.499629233 0.0288057411518336
41 0.4999548176 0.0287984279366373
41 0.5001242508 0.028978438317384
41 0.4995960138 0.0290310793882738
41 0.5003538197 0.0289122141263197
42 0.59613939004 0.228973988917094
42 0.4491608496 0.174701760590183
42 0.4769695787 0.160567138401666
42 0.4997079866 0.136313909490582
42 0.4747488708 0.137528359853549
42 0.4585807983 0.130324122601338
42 0.438818697 0.114493182635404
42 0.5415581072 0.114077351680895
42 0.5116708219 0.114201918891665
42 0.4786650846 0.118132883441357
42 0.4770875333 0.116127956723661
42 0.4911157077 0.120157605105467
42 0.4899992522 0.100740409054445
42 0.496477309 0.0970424458210675
42 0.4808077183 0.0942174472696758
42 0.4829047306 0.0929053052933458
42 0.5049651088 0.0868752476301348
42 0.5050623525 0.0791728299130509
42 0.4843673362 0.0795426797284666
42 0.5084289303 0.083606097912228
42 0.5300017678 0.0747449619115054
42 0.5051453915 0.0799168120328769
42 0.5010753113 0.0796941009256446
42 0.4969797962 0.078432852901575
42 0.5190533917 0.0738053105165537
42 0.4753376594 0.0642889123038795
42 0.501551112 0.0700355278325975
42 0.5114339134 0.0750743655900599
42 0.4956668365 0.0669864283247431
42 0.4807042387 0.0550751906081747
42 0.5174705868 0.0621844207851509
42 0.4816112203 0.061831559022144
43 0.5034324187 0.0648150274609837
43 0.500583791 0.0517032060398676
43 0.5004384073 0.0397010227305317
43 0.5000997488 0.0337093601491702
43 0.5005034926 0.0308306499559548
43 0.5009491285 0.0284082114533841
43 0.5019580997 0.0269320041452078
43 0.5009827919 0.0254407171083933
43 0.4999017491 0.0243262611936301
43 0.5014553655 0.0238635157412998
43 0.5009102236 0.0223721978764936
43 0.4998017472 0.0225730556953912
43 0.5010201993 0.021746920116077
43 0.5006880288 0.0222602594020832
43 0.5011162071 0.0217932631070451
43 0.5008226951 0.0213818034483344
43 0.4999104746 0.0215774239406781
43 0.4994613456 0.0213832596505278
43 0.5010643358 0.0206644341268474
43 0.5003556103 0.0203468705593855
43 0.4993192018 0.0212170161525253
43 0.4996917759 0.0210689959767006
43 0.4986366584 0.0206505618864411
43 0.5001416476 0.0211666010322428
43 0.4992152094 0.0199653476870897
43 0.4996207028 0.0200269202719946
43 0.5001743135 0.0202945785348306
43 0.498933667 0.0200465773356401
43 0.5012591068 0.019215160692933
43 0.5003758078 0.019580044781645
43 0.4999503703 0.0204594100043269
43 0.5006234445 0.019177587394924
44 0.4992668379 0.0244960825650945
44 0.4999012472 0.0241272215177651
44 0.5010236926 0.0241209173918217
44 0.500367829 0.0240331229832245
44 0.5003922673 0.02426092141956
44 0.4994314152 0.0244446444882192
44 0.4997286772 0.0244343093128199
44 0.4997768082 0.0241718716967293
44 0.5002256834 0.0244795305925618
44 0.5000982525 0.0242587667184095
44 0.5001032379 0.0241256813506141
44 0.499545385 0.0244703746264868
44 0.4993296733 0.0239867231983226
44 0.4993927688 0.0240852483170715
44 0.500434662 0.0242012416349249
44 0.4996122189 0.0242205332082899
44 0.4996810501 0.0241200004347655
44 0.4997187017 0.0242871650036291
44 0.5000593499 0.0243241281453925
44 0.4997982549 0.0241219369631423
44 0.4998995018 0.0241089826702774
44 0.5003314187 0.0239980237291715
44 0.4998087261 0.0241725623026254
44 0.5002331613 0.0243151358888124
44 0.5004418912 0.0239343768294766
44 0.5004261832 0.0243456184592681
44 0.5001463854 0.0241372647463918
44 0.4996406518 0.0243694503691586
44 0.4995713246 0.0240399082932134
44 0.5004296757 0.0239069626357088
44 0.5008443858 0.0241250202376932
44 0.500714714 0.0242306508559034
45 0.4998344127 0.0249633172386591
45 0.5001820422 0.0249644751705273
45 0.5003229436 0.024849651815753
45 0.5001915147 0.0248292336482691
45 0.5004775577 0.0250094159455007
45 0.4998396492 0.0251245982583066
45 0.5000177081 0.0249407033519238
45 0.499792024 0.0246941206602937
45 0.4998104786 0.0249774225962467
45 0.5000416506 0.0248486868658329
45 0.4999391524 0.0246937341132527
45 0.4998601009 0.0247192635473784
45 0.5000476284 0.0248631210955659
45 0.4999289283 0.0249870555001348
45 0.4999792992 0.025218556081738
45 0.5001793012 0.0252465163936667
45 0.4998760599 0.0248794556897383
45 0.5003044857 0.024780746535871
45 0.4998660842 0.0248848332058883
45 0.4999745599 0.0249198215022175
45 0.5000059877 0.0250028316939426
45 0.4998271766 0.0247773134986954
45 0.4997553609 0.0250748362624287
45 0.5003204496 0.0250107304893404
45 0.4996491239 0.0246429284647479
45 0.4999057362 0.025267053102692
45 0.5004601005 0.0250700190374968
45 0.5001266793 0.0248649441689521
45 0.5004476299 0.025025208771963
45 0.4998386545 0.0250255559203995
45 0.4999952648 0.0249417577373485
45 0.5001219444 0.0250298818698081
46 0.49875544065 0.252074822333934
46 0.46367224075 0.20147405855125
46 0.5037673305 0.154048978686024
46 0.4520177737 0.15636432601083
46 0.5028227751 0.14833711835641
46 0.479881168 0.144942451440932
46 0.517206948 0.135973123678948
46 0.5051217873 0.144812612771155
46 0.4941475189 0.121585571508403
46 0.4834583993 0.107257750852832
46 0.520216852 0.110083391042159
46 0.4838633502 0.106084556655425
46 0.5134227857 0.0841866316928297
46 0.4993504944 0.0925949388805652
46 0.4913118725 0.0833542568495391
46 0.5076445622 0.0947215987059724
46 0.5016306947 0.0864992447131898
46 0.4901999902 0.0998984266567905
46 0.5032940627 0.0857906131199254
46 0.5036792116 0.0740191290166364
46 0.4743623506 0.0736622893025733
46 0.4988643553 0.0794227849010421
46 0.5053524806 0.0849058892201445
46 0.5027782206 0.0934323775892026
46 0.5059138673 0.0843934293930088
46 0.488188107 0.0805390595606184
46 0.4942069249 0.0868039290840761
46 0.5029356465 0.0875734247290936
46 0.4806890894 0.0837006066321199
46 0.5054089164 0.0838614242165656
46 0.5226564583 0.0798647233321994
46 0.5041356476 0.0784719748825121
47 0.4993198004 0.0743015109319254
47 0.4999683165 0.0600550727073868
47 0.500184158 0.0555040378397976
47 0.5005990123 0.0511288514960808
47 0.4993633684 0.0494708866449675
47 0.5008287126 0.046500581611892
47 0.4995881185 0.0478877048543619
47 0.5003346515 0.0475200254583897
47 0.4999643594 0.0477436858998272
47 0.4988663389 0.0480909954514813
47 0.4999287167 0.0466100378556393
47 0.5001950508 0.0452995714857381
47 0.499658418 0.0440313225793353
47 0.5004722787 0.0446496602269767
47 0.5002990053 0.0440035734189535
47 0.5003980193 0.0448132275680924
47 0.4998693086 0.0442060031089834
47 0.4992594091 0.0433722220277391
47 0.5001524755 0.0432095724788152
47 0.4996861376 0.0432946078475037
47 0.5005920792 0.0422911837178927
47 0.5000514829 0.0426769621025365
47 0.5001029682 0.0435095347766698
47 0.5003742583 0.0426765013644564
47 0.5001613842 0.0421754759249963
47 0.5004940591 0.0416691433872436
47 0.4996069328 0.0415283451354813
47 0.5002316778 0.0419319956545827
47 0.5008514834 0.0412024388029745
47 0.4996603972 0.0419268165787992
47 0.4993366377 0.042554965201588
47 0.4994643594 0.0407274596720096
48 0.4997693065 0.0490994945532589
48 0.4999693099 0.0494470245477615
48 0.499105946 0.0497223091857343
48 0.500019804 0.0493702412788572
48 0.4992505006 0.0492587856328635
48 0.5006277189 0.0491219753508134
48 0.4996297156 0.0491395555377596
48 0.5003019799 0.0490813311393114
48 0.4983356596 0.0491291221139997
48 0.4990980224 0.0494774610755923
48 0.500204947 0.0492363924375092
48 0.5004316826 0.0488834103212605
48 0.50068218 0.0498587655930133
48 0.500623755 0.049047325001922
48 0.4974138783 0.049193366764539
48 0.4987960504 0.0494113484519138
48 0.5005445488 0.04884697303238
48 0.5002861344 0.0494549307928027
48 0.5007891012 0.048842031003475
48 0.4981891191 0.0495351351327073
48 0.5004207877 0.0486638053727179
48 0.5005742494 0.0492617391139884
48 0.5003326738 0.0492575949362358
48 0.4988752575 0.0493202736252734
48 0.5019346431 0.0492473905408442
48 0.501248508 0.0488535183067692
48 0.5000267322 0.0499147186573554
48 0.5000910887 0.0498885132503712
48 0.4998277212 0.0494520887407332
48 0.5013326676 0.0491615769912921
48 0.5003405881 0.0486408555577097
48 0.5013574212 0.0496561691027972
49 0.5000782196 0.0497460514535043
49 0.4998633682 0.0491481427418445
49 0.5003089054 0.0498870479966818
49 0.4992118902 0.0502758607235888
49 0.4997900998 0.0495622479333662
49 0.5009683141 0.0492645245308992
49 0.4997861407 0.0492968489592553
49 0.5004178204 0.0487644578360054
49 0.4996792081 0.0500400246539181
49 0.5005019764 0.0495253186565018
49 0.4996069279 0.050090033995072
49 0.4991475273 0.0493908801073137
49 0.5001445496 0.0501830758862595
49 0.5001316784 0.0493813883748721
49 0.499290104 0.0488032852942682
49 0.4997653453 0.0495124582725791
49 0.4994574295 0.0497530092068906
49 0.4997217815 0.0498829055165979
49 0.4999851506 0.0493472034236013
49 0.4993425762 0.0499626199297737
49 0.498886149 0.0498299434986084
49 0.5000158412 0.0500894214098696
49 0.5003514831 0.0494818620456048
49 0.5004405908 0.0495870357786961
49 0.4997891074 0.0494277452293033
49 0.5004128685 0.0497097013703305
49 0.499428719 0.0501180622911762
49 0.5003811843 0.0495726961874182
49 0.500802958 0.0496340713534297
49 0.5004267305 0.0494559003489351
49 0.5000504932 0.0500378938845231
49 0.4994465357 0.0500362308145901
50 0.353399003125 0.240757440182262
50 0.49117561894 0.221920302671872
50 0.5184661715 0.175036780111053
50 0.4873457741 0.151087420862235
50 0.4784348268 0.14140955937754
50 0.4806512443 0.121838958807032
50 0.5142636742 0.113971122071551
50 0.4560402921 0.0936295787086404
50 0.4864179251 0.0985379130001926
50 0.4833024738 0.0889664003294911
50 0.4995383058 0.0955609640436961
50 0.4987124316 0.0827199777265325
50 0.4954328252 0.0772424266474914
50 0.4879383238 0.0763519120151892
50 0.5014467553 0.0708451375910263
50 0.4972671621 0.0622427238552244
50 0.5031706393 0.0624102882309135
50 0.4866592022 0.0584770368771735
50 0.4985233863 0.0516359901881657
50 0.5053119629 0.0643107488585555
50 0.4999806023 0.0685783535471409
50 0.4965313356 0.0758262136021409
50 0.5052999766 0.0718799046309261
50 0.4977213784 0.0685921647266275
50 0.4926203954 0.0620010031659909
50 0.506613422 0.0587838496023978
50 0.4993791154 0.0612574055469991
50 0.5040890585 0.059520263000177
50 0.5017144265 0.0692145613612774
50 0.5211512275 0.0593091424620058
50 0.4907064638 0.0607551656641275
50 0.5040099177 0.0562478459093277
51 0.4994532342 0.0797240473514896
51 0.5006855721 0.0550811853662495
51 0.4997636854 0.0484984745873348
51 0.4998656684 0.0453172338429207
51 0.5001975136 0.0432706020197169
51 0.5001273659 0.0408317104912197
51 0.4994403084 0.0402973804219651
51 0.4997154278 0.0373371639897899
51 0.4996208936 0.037178594823613
51 0.5001019908 0.0372708204280058
51 0.5001597038 0.0368074690574224
51 0.5001174141 0.0359078763538621
51 0.5001089574 0.0358412471921976
51 0.4998044774 0.0350855410149184
51 0.4999318417 0.0345490214118156
51 0.4998089561 0.0345006662126528
51 0.4999706502 0.0357411812731773
51 0.5000004952 0.0348216471191784
51 0.4999383132 0.0341765278809522
51 0.4997592043 0.0331731190894461
51 0.4999572133 0.0329392757289889
51 0.4996895555 0.0333817922185627
51 0.4995781113 0.0328641498903975
51 0.5003144281 0.0331408508807384
51 0.4999104477 0.0329126395104923
51 0.5001432815 0.0325028525852682
51 0.5001099507 0.0328251403801441
51 0.5000845762 0.0328891098791265
51 0.4999005003 0.0333083340364124
51 0.4996253732 0.0330288849383104
51 0.4996403001 0.0333274195223339
51 0.5000786073 0.0332730670915029
52 0.5010213929 0.0352600856971486
52 0.4988368136 0.0348985333244547
52 0.4998268643 0.0346768906008261
52 0.5006487567 0.0346533313666953
52 0.5004412964 0.0347299408296178
52 0.5009308462 0.0341990970058677
52 0.4998830842 0.0345338385533528
52 0.4994791058 0.0344140648028569
52 0.500008953 0.034203663778984
52 0.5000756255 0.0346350932048779
52 0.4995074616 0.0347519788673515
52 0.5004074649 0.0341252982341272
52 0.4999059629 0.0348526411304725
52 0.4986019873 0.0346958145380071
52 0.5006194 0.0343873951393421
52 0.5003731388 0.0341741062978048
52 0.5003681591 0.0345674676189932
52 0.5006243829 0.0347021001244909
52 0.4992696474 0.0344966934976658
52 0.5003517406 0.034324960283114
52 0.4996835747 0.0353344579766872
52 0.4993865687 0.0347695679725501
52 0.4990288582 0.0345324282413258
52 0.4999248767 0.0346747380613792
52 0.5007407948 0.0343553186573855
52 0.4998616932 0.0347658818638712
52 0.4997194017 0.0345721589495562
52 0.49966368 0.0350798871234766
52 0.5003333325 0.0345789258390795
52 0.5003308468 0.0346048467639215
52 0.4997512459 0.0350954323078363
52 0.4989646767 0.0344993629997065
53 0.5000945267 0.0353948238458478
53 0.5003293567 0.0349455509239875
53 0.4995482528 0.0354139493918942
53 0.5000079579 0.0356053938187942
53 0.5000393027 0.0351392946128926
53 0.4996547245 0.0354985073453374
53 0.5007447749 0.0351683229708653
53 0.5005442746 0.0350613955516234
53 0.4998696535 0.0353674944880476
53 0.4998875613 0.0348674266137567
53 0.5004293508 0.0352363098876853
53 0.4991363156 0.0353365177965627
53 0.4996442779 0.0349441587023126
53 0.4996796008 0.0355022306640562
53 0.500169654 0.0351327746705308
53 0.4993532374 0.0351311781006518
53 0.4993000022 0.0350736024547424
53 0.5004049827 0.0350176449481882
53 0.4995174135 0.0352273323527568
53 0.5002890524 0.0350315205867961
53 0.5002940298 0.0353770829909704
53 0.500536319 0.0350677341569929
53 0.5005786095 0.0353269251643441
53 0.4994343268 0.0351062106404544
53 0.500359208 0.0351225357831595
53 0.5002686579 0.0357282010573181
53 0.5001895545 0.035338658663719
53 0.4993204059 0.0351644343549658
53 0.4998124404 0.0350230191631872
53 0.4997885564 0.0358047864820127
53 0.5004462759 0.034797450661559
53 0.5003059758 0.0353934882390785
54 0.3596790636 0.231674270763606
54 0.4305112844 0.19731948757776
54 0.4963996673 0.178375968985525
54 0.4971730906 0.171102302102011
54 0.4708943428 0.132559531387329
54 0.4591381881 0.126907724367671
54 0.4691996489 0.122355793768998
54 0.4751514828 0.123102345109744
54 0.4789026698 0.112755575580145
54 0.4773734118 0.104865683759148
54 0.4660631188 0.0898520765993953
54 0.5203099816 0.0931113711683269
54 0.5266076538 0.0898717954114982
54 0.490030895 0.0990890743738047
54 0.530242513 0.0875503884565609
54 0.498236202 0.0904687546069382
54 0.5337890539 0.0683319989825637
54 0.4947478275 0.0882062392899307
54 0.5051890348 0.0850277812363958
54 0.4947528138 0.0758210351275021
54 0.4961395363 0.0836717778221514
54 0.4779129362 0.0731033002329089
54 0.5085305767 0.0768325279049515
54 0.5002006667 0.0740575472797481
54 0.519420615 0.075024272475653
54 0.466313934 0.0647516706653198
54 0.4783418288 0.0655133113042601
54 0.4838933426 0.0642127225476831
54 0.5051807469 0.0656139211104579
54 0.5024896879 0.0632642033818782
54 0.4825846906 0.0583306584187649
54 0.4889900136 0.0590707563269857
55 0.49873521786 0.0824242698839518
55 0.5010265808 0.0670935400217766
55 0.4993285656 0.0512396335190194
55 0.4998192698 0.0448276428155156
55 0.5005182686 0.0411806413992504
55 0.500011627 0.0398925287628019
55 0.5001910247 0.0375223919155589
55 0.4998747517 0.0363631779420481
55 0.500073758 0.0350049787092905
55 0.4998980054 0.0342066050022645
55 0.5000322263 0.0329404528767936
55 0.4997418639 0.0322530628924351
55 0.5000142864 0.032023554871654
55 0.5000897008 0.0319817983158864
55 0.5000571478 0.0324187198538846
55 0.4997318945 0.0308980674779469
55 0.5001933593 0.0313538005131127
55 0.5000910309 0.0305616222230535
55 0.4996342207 0.0299409850141934
55 0.5000867076 0.0297250851899277
55 0.4996976713 0.0291882411110291
55 0.4998106291 0.0293373202839332
55 0.4995235877 0.0282433889439389
55 0.4995445217 0.0281246693017974
55 0.4998272407 0.029345284730746
55 0.4999784037 0.0284159087903619
55 0.5001803973 0.0281405334190374
55 0.5000518243 0.0281498551257442
55 0.500299993 0.0277777447956299
55 0.5001009949 0.0284238120965694
55 0.4994501626 0.0274295135334083
55 0.4999345496 0.0281380562037187
56 0.4994950155 0.0284714329936716
56 0.4996601308 0.0284590722508312
56 0.5003451825 0.0281339727678685
56 0.4996119596 0.0282465424574309
56 0.500259466 0.0284310477839536
56 0.4997780741 0.0281455783140562
56 0.5006322275 0.0278822870337669
56 0.4991558205 0.0284701434535323
56 0.4996913606 0.028371444384194
56 0.4990338913 0.0286007001341803
56 0.4999501662 0.028202157580905
56 0.4990714291 0.0285783174927994
56 0.5002438492 0.0279260846331696
56 0.4993338824 0.0281433907467463
56 0.5001053105 0.0284483341773686
56 0.4998066462 0.0282149602369974
56 0.4995259185 0.0282044816944014
56 0.4997265745 0.0279795959960014
56 0.4997418586 0.0280074615549336
56 0.4996059832 0.027845558934411
56 0.4998335573 0.0285193195749025
56 0.5003976759 0.0279716364852832
56 0.5002049795 0.0284758740459946
56 0.4996461797 0.0285847655092591
56 0.5006348834 0.0281867170207182
56 0.5006558129 0.0285376487686463
56 0.5003760839 0.0283129455856651
56 0.5005322216 0.0281745051772714
56 0.5003581367 0.0280246109006606
56 0.498287047 0.0282229283918748
56 0.4993445203 0.0283500932638994
56 0.4999019934 0.0282868059111597
57 0.5001066438 0.0285827776589923
57 0.5000923553 0.0289006746907961
57 0.5003332231 0.0285764395944127
57 0.5003784055 0.0285209326774836
57 0.499570101 0.0286078852309837
57 0.4998245849 0.0288251709253819
57 0.4998219271 0.0289167712650397
57 0.499997675 0.0286301292763937
57 0.4998495054 0.0288029050312567
57 0.4997219293 0.0289299519885517
57 0.500103986 0.028797705946401
57 0.4997511599 0.0291491215707775
57 0.500146844 0.0288562970063304
57 0.4999890375 0.0291075152446351
57 0.4997837129 0.0289417287898945
57 0.5001405318 0.0285569340593817
57 0.4997910286 0.0290823663122211
57 0.499992026 0.0289913458719265
57 0.5001049805 0.0287703184821697
57 0.499855483 0.0288588760528336
57 0.4999265792 0.029053483452223
57 0.5001202678 0.0287622829335788
57 0.500368104 0.0283534921925243
57 0.4998564772 0.0285622123799205
57 0.4995681098 0.0289009560940924
57 0.4999930233 0.0289266709153401
57 0.4999186104 0.0289489862232954
57 0.4999305667 0.0287651320074686
57 0.5000149483 0.0288244053930077
57 0.4997996685 0.02860226870461
57 0.4998195978 0.0290676000087944
57 0.5000478412 0.0289442929204195
58 0.40648228764 0.257872801438404
58 0.451934418104 0.275088047754242
58 0.43115012332 0.263350145144651
58 0.38621172796 0.245179554761027
58 0.3594630969 0.233935798442502
58 0.36503216573 0.240197429737782
58 0.3466094695 0.224820532555578
58 0.35127131792 0.231233357385822
58 0.36876010375 0.236162141095245
58 0.36363964127 0.241603196465093
58 0.34406059845 0.224023045424961
58 0.39650049236 0.259368156251729
58 0.35647230817 0.238791803940282
58 0.45398778027 0.256665401519542
58 0.42487580186 0.193651568846223
58 0.5394950135 0.17045212482217
58 0.4899421511 0.154671314884262
58 0.4721339123 0.155724506089301
58 0.4629294272 0.119859718257495
58 0.4931703288 0.125335717514878
58 0.4961017398 0.120355659937264
58 0.4798653214 0.107240286033238
58 0.5238648457 0.104035532058121
58 0.4908211879 0.0890239929485026
58 0.5242902859 0.094599851162055
58 0.5142633462 0.101840256594125
58 0.513052625 0.0885366002310887
58 0.4786596041 0.0856585513203965
58 0.5120032509 0.0877926393045394
58 0.5253426407 0.0793615268940215
58 0.5392219536 0.0832154877003864
58 0.4713944986 0.0784006459069443
59 0.503165840024 0.082130383026692
59 0.4998773011 0.056494091523018
59 0.4998880305 0.0474883073849658
59 0.5007476291 0.0434216887903715
59 0.5005172081 0.0416337964860038
59 0.5001735627 0.038509038868405
59 0.4999725698 0.0358357612990894
59 0.4997997509 0.0343642015147511
59 0.5002473764 0.0328351206082886
59 0.4997994997 0.0320433945760151
59 0.5000102262 0.0315263949456144
59 0.5000269359 0.0298918130142706
59 0.4998369103 0.0301279123262726
59 0.4997478846 0.0304119809334465
59 0.5002882752 0.0301401064980042
59 0.5001867877 0.0306985354844188
59 0.5000049827 0.0289760485396007
59 0.499798752 0.0284536587316151
59 0.499968332 0.0281616163297281
59 0.4999029947 0.0281151788600091
59 0.4997301701 0.0280750909430675
59 0.5000399067 0.0277705504814939
59 0.500290769 0.0272089369854875
59 0.5000650884 0.026598952846393
59 0.5000915265 0.0268507077015356
59 0.50018354 0.026674988027188
59 0.4998324189 0.0262565536224965
59 0.5002202012 0.0261967448440023
59 0.4998755645 0.0253948144227359
59 0.500126682 0.0263121580117709
59 0.499856606 0.025094218446226
59 0.4999129672 0.0254346186959023
60 0.4999581047 0.0248474625058946
60 0.5005364116 0.0244774917737733
60 0.4996441417 0.0244907084326847
60 0.5002281773 0.0246304443133406
60 0.4997710688 0.0242100487335535
60 0.5004329177 0.024498584359944
60 0.4997730727 0.0243629556526959
60 0.499617206 0.0242871831728632
60 0.5001167135 0.0243113886499111
60 0.5000932653 0.0244927846724217
60 0.4998984987 0.0242346979578973
60 0.4993817911 0.0240488232887561
60 0.4995002505 0.0242239560995074
60 0.5008463818 0.0241967992174971
60 0.4993820441 0.0244098660466377
60 0.4993466335 0.0244019849243254
60 0.5000144591 0.024640199340839
60 0.5003049888 0.0247799599304254
60 0.5000925233 0.0244373970777833
60 0.5009780546 0.024554008854069
60 0.4994209448 0.024999901692199
60 0.4993730668 0.0243979854486581
60 0.4996763079 0.0245258709324908
60 0.5001625961 0.0241474119676879
60 0.5003992479 0.0242843805661416
60 0.4992211924 0.0243812940882785
60 0.4991401498 0.0242166394217003
60 0.501286781 0.0242338542045833
60 0.4996513748 0.0244981278294697
60 0.5007551094 0.024466172800309
60 0.5003810433 0.0242403796821242
60 0.4997164551 0.0244635762200691
61 0.4998947689 0.0250606533533973
61 0.5000705777 0.0249137658339514
61 0.5001057365 0.0249060533599658
61 0.4999404006 0.0248944864735868
61 0.4996483782 0.0247482230222948
61 0.499774817 0.0249469543811544
61 0.5000812965 0.0248813807524864
61 0.4998568613 0.0248622281419522
61 0.500408481 0.0251292922178715
61 0.5001054835 0.0245983794784133
61 0.5000341603 0.0251369961056234
61 0.5000411475 0.0248363272390186
61 0.4998625988 0.0250441315691689
61 0.4996847853 0.0248694922635857
61 0.5000650882 0.0248743592617798
61 0.5005019948 0.0252595025406803
61 0.500200498 0.0248852347094507
61 0.4999798002 0.0250296237069512
61 0.5000002484 0.0248433203524672
61 0.4995865324 0.024805550273876
61 0.4998349123 0.0246507063502522
61 0.5002389006 0.0249270469779399
61 0.499530429 0.0248663358693579
61 0.4998139641 0.0251928577837359
61 0.5000880356 0.0252337913591154
61 0.4999638465 0.0250878554972736
61 0.5003516176 0.0250073978665869
61 0.5004005015 0.0250479110304731
61 0.499850626 0.0251395221635254
61 0.4998501255 0.0252510155209139
61 0.5005064801 0.0253156109210786
61 0.4998952641 0.0250362986418224
62 0.40997218027 0.266783284918886
62 0.509914855041 0.27613150273077
62 0.51081089549 0.276122799062909
62 0.52404853574 0.259090594744571
62 0.533133691404 0.272019256681006
62 0.45617025306 0.193722748375917
62 0.4706455152 0.172363020315661
62 0.4780316612 0.166584102983523
62 0.4702573959 0.160766623276845
62 0.4713296743 0.150663615106663
62 0.5064871352 0.126521002946334
62 0.5191356626 0.100192825487249
62 0.4945999946 0.112445425923725
62 0.4869821652 0.115224866515893
62 0.5247851734 0.0979103374086929
62 0.50465248 0.0945631373024132
62 0.5181138796 0.0906952588672981
62 0.4965217787 0.0961657730360791
62 0.4886881075 0.094971941260306
62 0.5101356537 0.0918742877772265
62 0.4899188018 0.0873875440815943
62 0.5027544583 0.0900597615769539
62 0.4991910882 0.079015174339123
62 0.5146574405 0.0768175776664203
62 0.5210683379 0.0872007911337527
62 0.4803158219 0.0761019604464166
62 0.4996227719 0.0930334810611175
62 0.4949455395 0.0922685452773804
62 0.5035029738 0.0923215645994051
62 0.4825633489 0.0874976250631909
62 0.5195920988 0.0883671548755267
62 0.4859524612 0.0898434148468168
63 0.5010821793 0.0847857990915396
63 0.5003702966 0.0658440163264137
63 0.4996425729 0.0595704820114744
63 0.5005207931 0.0554623200724625
63 0.4997643561 0.0554365057853745
63 0.499204952 0.0526704801527938
63 0.499637624 0.0515500368919982
63 0.4996910877 0.0498054244333437
63 0.5003564375 0.0504934407501744
63 0.4998871288 0.0502635810284145
63 0.499772276 0.0499844691309096
63 0.5000653454 0.049196137536605
63 0.4997099008 0.0496863047648512
63 0.5000772279 0.0485566532558217
63 0.4998148504 0.0479756389440206
63 0.500045544 0.0492246467280448
63 0.5000960378 0.0496734416875324
63 0.4993732683 0.047079508123546
63 0.5000405957 0.0471805957730526
63 0.4998663357 0.047757062804785
63 0.5005554465 0.0476230640678785
63 0.4998306922 0.0467173531715871
63 0.500139603 0.0462856716774258
63 0.4998762359 0.046143587211368
63 0.4993910909 0.0462500931768783
63 0.5006277253 0.0455727083485331
63 0.4995881192 0.0460900421901597
63 0.5000970293 0.0443064409645317
63 0.4998851496 0.0443134797787178
63 0.5009079221 0.0444452820441971
63 0.5000405951 0.0437126325482164
63 0.5005653447 0.045143399849578
64 0.4999980165 0.0498014606603864
64 0.5017831557 0.0489313868787126
64 0.5010188051 0.0492834033273704
64 0.499089113 0.0494122639335128
64 0.50021485 0.0494501380893179
64 0.5011564242 0.0488830677289091
64 0.499629707 0.0494381127425563
64 0.4995792136 0.0494864689351498
64 0.5012158342 0.0492038769760886
64 0.5013128582 0.0486432758467993
64 0.4984940691 0.0491523864123069
64 0.4987415919 0.0490649255785654
64 0.5012900881 0.0490900727941305
64 0.500952466 0.0491835740929296
64 0.5012395934 0.0490841833143717
64 0.4998336623 0.0492677894949066
64 0.4992980268 0.0491963541810849
64 0.5006405878 0.0492961327339756
64 0.4993801982 0.0489184776514528
64 0.5002871269 0.0494299406579792
64 0.499346538 0.0494181223576401
64 0.500493062 0.0492002848273103
64 0.5010247413 0.0486852517564615
64 0.5006712841 0.0484105229474769
64 0.4993940643 0.0488205531816863
64 0.500663358 0.0494850011552144
64 0.5011692983 0.0489945462188276
64 0.5011851398 0.049450677914444
64 0.500758409 0.0486820738406188
64 0.5024504787 0.0493604595586784
64 0.5010980091 0.0495435992658894
64 0.4999138637 0.049314735309903
65 0.5003158347 0.0499741857893584
65 0.5005920753 0.0505568147549511
65 0.5004485139 0.0505458812334375
65 0.4998574201 0.0491947803900737
65 0.5007168235 0.0498207100617871
65 0.5005633636 0.050061192807828
65 0.4999910921 0.0504235890615295
65 0.4996455503 0.0497637691487879
65 0.5003772243 0.0495325636960154
65 0.4998564356 0.0498274315760746
65 0.5008118769 0.0496905806810545
65 0.5004356367 0.0499687744142716
65 0.4998594058 0.0496905073834121
65 0.4994316857 0.049557651924783
65 0.5007168267 0.0492007250144351
65 0.5000405878 0.0506429960413767
65 0.4993386237 0.050219742283363
65 0.4995158469 0.04970077429027
65 0.5000633647 0.0499262722483639
65 0.4988287248 0.0495802982722103
65 0.5005900937 0.0497999349167516
65 0.5007772229 0.0498152793130132
65 0.4998643607 0.0498390611941684
65 0.5001881145 0.0499854188677391
65 0.5001782196 0.0497101118924974
65 0.4996049568 0.0500104913197875
65 0.5006940536 0.0494163783248044
65 0.4988524864 0.0496484343055339
65 0.5008079151 0.0495422539378137
65 0.5003910854 0.0497656597074903
65 0.5005574205 0.0499565726328318
65 0.5003613843 0.0503181645001433
66 0.44289552563 0.283857553613485
66 0.529832874666 0.286128135139272
66 0.4281512393 0.187353526239199
66 0.4970726371 0.172591741318464
66 0.4716303447 0.140887317850286
66 0.4888029832 0.123085318971453
66 0.4667736247 0.104647857489181
66 0.4905358229 0.111732649773581
66 0.487194527 0.104561724453056
66 0.5124268571 0.103758195661898
66 0.5010975243 0.0925095710487394
66 0.5357532385 0.0849520660712169
66 0.4683457584 0.0790970691866609
66 0.4828134199 0.0757181658134361
66 0.4891945287 0.0793812498668093
66 0.5172945302 0.0820352179946103
66 0.4979925449 0.0868866098335205
66 0.4881900481 0.0801215087626564
66 0.4888616784 0.0827049343591149
66 0.515531335 0.0808901846311847
66 0.4832383184 0.072128039849722
66 0.5005532099 0.0706607491172633
66 0.5043776063 0.0721259796323245
66 0.4849746035 0.0715498828964181
66 0.5005079423 0.0640244278224473
66 0.5129955532 0.0635057233579029
66 0.4985452893 0.0721583168542139
66 0.5032865631 0.0537252910130533
66 0.5152965204 0.0668989642449335
66 0.4949741117 0.0694518812715929
66 0.4952184067 0.070658868822395
66 0.5014318399 0.0634791139762756
67 0.4975457725 0.0898253074315455
67 0.5010935316 0.0717623303683555
67 0.4997791029 0.0607341023789081
67 0.4999223885 0.0533579883578432
67 0.5001796029 0.047958756988817
67 0.4998199007 0.0459925586135869
67 0.4999084562 0.0436976238495057
67 0.5003477627 0.0438490822300083
67 0.5002641805 0.0418920491968573
67 0.4999885537 0.0417564563038223
67 0.4999771159 0.0414042482838472
67 0.5003034794 0.0402986445848854
67 0.4999054744 0.0392523373161194
67 0.499898508 0.0397087138525679
67 0.5004676631 0.037977967856633
67 0.5002422885 0.0362591887254827
67 0.5003422876 0.0365711525133499
67 0.4999059656 0.0365942157157467
67 0.4995069704 0.0368678800540374
67 0.5001497513 0.0360799653226194
67 0.4999208933 0.0367563832029422
67 0.5001218903 0.0359906305676259
67 0.4999462643 0.0364764071841314
67 0.4997855753 0.0358494037537234
67 0.5002621899 0.0359616686746322
67 0.5003089533 0.036180972868328
67 0.500100495 0.0355697767117325
67 0.5003363169 0.0345296077191879
67 0.5001721409 0.0343237409374334
67 0.5000393054 0.0347387772877756
67 0.500102981 0.0341012325359405
67 0.4999990075 0.0334991591305586
68 0.5001865669 0.0349432089291518
68 0.500061691 0.03486890743503
68 0.500252736 0.0344844722854705
68 0.4998159172 0.034435488306624
68 0.4990019893 0.0346136392634189
68 0.4997034815 0.0346544876079476
68 0.5005532298 0.0348143354169952
68 0.4992557217 0.0345357695594112
68 0.5002895525 0.0349742982321923
68 0.4993407923 0.0350432521224999
68 0.5004985081 0.0350550906280847
68 0.5004621886 0.0346477460302042
68 0.4997139332 0.0347318519369186
68 0.4991263658 0.0347968835861679
68 0.500370149 0.0347897337124615
68 0.4998721419 0.0350401741614777
68 0.5007283616 0.0341540358594705
68 0.500109445 0.0346289245068169
68 0.498992538 0.034723548084738
68 0.5006298537 0.0346533901338884
68 0.5000661722 0.0346369700139652
68 0.5001462693 0.0347911880582602
68 0.4985616929 0.0347386710749331
68 0.5002552288 0.0347270312907377
68 0.500357715 0.0348615110752276
68 0.5004791043 0.0347244496204211
68 0.5008114478 0.0346726063009149
68 0.4993497553 0.0346402195791925
68 0.4991059698 0.0349868566746669
68 0.4982218886 0.0345829874105262
68 0.4998462676 0.0348422037706565
68 0.5010467711 0.0349422617818788
69 0.4995731383 0.0352503915281925
69 0.4999970147 0.0356222806581332
69 0.5000671639 0.0353580818580774
69 0.5004134316 0.0351237823531664
69 0.4999019889 0.0351837412223802
69 0.5000358216 0.0351856893298133
69 0.4997213942 0.0347506494202039
69 0.5000855676 0.0350846409972629
69 0.5002129374 0.0346920120909407
69 0.5005686573 0.0349461572781516
69 0.5002233782 0.0356144941254392
69 0.5001532317 0.0353815345943706
69 0.4994945274 0.0355306062442883
69 0.499616914 0.0352995193172174
69 0.5000054724 0.0351479135571798
69 0.4995920412 0.0355581149453363
69 0.5002273608 0.0353946439423369
69 0.5000044765 0.0347643685716031
69 0.5000198966 0.0348918768584348
69 0.5001427872 0.0349973492516531
69 0.4998875609 0.034770523315729
69 0.4991074615 0.0351357271287731
69 0.4998701503 0.0355321541802179
69 0.5000348251 0.0352339205420854
69 0.5004786088 0.0351972930325706
69 0.4995975077 0.0354804650399891
69 0.5008248764 0.0353663745989853
69 0.4999527362 0.0354563391378794
69 0.5000756217 0.0355901567927825
69 0.4994716421 0.0350547185216894
69 0.4998104474 0.0352430554145001
69 0.4999562212 0.0353030426186934
70 0.37418337292 0.233423615583019
70 0.4757249174 0.206599276633583
70 0.4651970064 0.16636465005497
70 0.5506508381 0.155707844753458
70 0.4968119669 0.151262228574848
70 0.5448043291 0.151205107571047
70 0.4792501679 0.1521748685407
70 0.4959421906 0.136521756093963
70 0.5613980522 0.104528704437532
70 0.4890086191 0.116094479333366
70 0.5012285592 0.111212670003618
70 0.5051531579 0.110579420381369
70 0.4904853781 0.101220183284863
70 0.4796936645 0.103033799585887
70 0.4992621334 0.0977249727568928
70 0.5036797449 0.0964461048741709
70 0.478187679 0.0795700916002733
70 0.5056056521 0.088754721831746
70 0.4736225734 0.0706919707723174
70 0.4983551304 0.0840170269664955
70 0.4886684354 0.080262113983328
70 0.4743043115 0.0801455624100341
70 0.5070850613 0.0827947237250757
70 0.4959132847 0.0803568337935659
70 0.5107877157 0.0774724821136264
70 0.4997461694 0.0721418153804002
70 0.4811188948 0.056343314615895
70 0.4839544518 0.0666031711426829
70 0.4860411815 0.0609486063423805
70 0.4958073177 0.0642352945421087
70 0.5161232748 0.0671448553249014
70 0.4839139311 0.0594888528021925
71 0.501629236726 0.0888126682590948
71 0.4981298971 0.0611213573444657
71 0.499903986 0.0564278306175031
71 0.5005571423 0.050826614595548
71 0.5000252485 0.0473474877530751
71 0.499829235 0.043770458059516
71 0.5004870471 0.0417844047245249
71 0.5001853871 0.0390203163681793
71 0.5001637853 0.039828105829193
71 0.500082059 0.0377246757474407
71 0.4998594647 0.0372452048839315
71 0.4998142872 0.0352800112199541
71 0.5000229185 0.0330924472792804
71 0.5002591371 0.033558057961326
71 0.499850165 0.0338276947201784
71 0.5000292381 0.0336631282016606
71 0.5001033246 0.0332453094040885
71 0.5003076377 0.0328537334575029
71 0.499932558 0.0330647551133334
71 0.5000212612 0.0321513854844302
71 0.4996269096 0.0317429462988205
71 0.5000784072 0.0304362144368762
71 0.5005471788 0.0308481898728414
71 0.5002265784 0.0306583559005911
71 0.4996368748 0.0306448720145835
71 0.5001315672 0.0302716840734794
71 0.5005730905 0.0304390046694079
71 0.499791361 0.030912133094423
71 0.500052491 0.0300303334535208
71 0.4995405246 0.0302883251779197
71 0.500054814 0.0303306530684151
71 0.499783387 0.0292284928909497
72 0.5001485093 0.0293101183225302
72 0.5000069779 0.028521239801944
72 0.5002754081 0.028500120919961
72 0.4998079759 0.0284954189389307
72 0.4995847197 0.0284435274138301
72 0.5003435243 0.0284581013127307
72 0.4997578089 0.0284066927289602
72 0.4989438565 0.0283840819684595
72 0.5007036528 0.0279131842753544
72 0.4998667809 0.0281103460111323
72 0.4991365445 0.0281594809991668
72 0.5007033164 0.0280978172239512
72 0.4999637846 0.0283834849555692
72 0.5001355491 0.0284593837001269
72 0.4998754127 0.0283645214720787
72 0.5005255836 0.0283895704157046
72 0.5004823941 0.0288775331864597
72 0.5001950201 0.0284649352099728
72 0.4998504975 0.0283371487633812
72 0.4999122951 0.0282449235897298
72 0.4991139479 0.0281162526129405
72 0.5004116292 0.0281176636062703
72 0.4999495048 0.0280662862591689
72 0.5009039871 0.0281913185784144
72 0.5004671038 0.0281177305125955
72 0.499457809 0.0282681948249616
72 0.4996365468 0.0279775899691281
72 0.4989465124 0.0284842593197321
72 0.5005169359 0.0284985414110661
72 0.4999418583 0.0282355527351112
72 0.5003235894 0.0282143158254344
72 0.5000574727 0.0285376583521437
73 0.4998119552 0.0286829424609892
73 0.4999491711 0.028599111994849
73 0.4998308902 0.028675246115068
73 0.4998674371 0.0288937141032598
73 0.5004584709 0.0289463378264351
73 0.5001701019 0.0284652105179024
73 0.5000252488 0.0289694801155201
73 0.5001940179 0.0287036752638045
73 0.500273093 0.028420008332967
73 0.5006475071 0.0289450158606532
73 0.4999255811 0.0287727182200188
73 0.5002767445 0.0287989754647036
73 0.4997624597 0.0289964686714282
73 0.5006518295 0.0289064896038546
73 0.4998923577 0.028657249969394
73 0.4995299023 0.0287334194197334
73 0.4994827263 0.0290151685554714
73 0.4998857164 0.0289600018067582
73 0.499973088 0.0287805856167678
73 0.5000275704 0.0288703796941781
73 0.4997694362 0.0286842436913777
73 0.4999787402 0.0287151664404522
73 0.499754155 0.0289612033739667
73 0.499944519 0.0289855877074989
73 0.4997617959 0.0287773529739666
73 0.5001255808 0.0287097438852398
73 0.4997661165 0.0287084188083944
73 0.5000461803 0.0286801701536688
73 0.4994591417 0.0288958747535041
73 0.4995664446 0.0292644372100174
73 0.5003857111 0.0287203851604085
73 0.4997448446 0.0286138329663915
74 0.5289249302 0.274990491952194
74 0.39440722461 0.249196961249282
74 0.4668521249 0.28023921098846
74 0.55843191847 0.268831848487102
74 0.5293119719 0.209522806152597
74 0.5249531217 0.16132359999863
74 0.5206962531 0.16516025530758
74 0.5608603449 0.149100395911715
74 0.5511386502 0.135324408012739
74 0.4646852903 0.132028153484082
74 0.4330326713 0.117770845277789
74 0.4712945169 0.136323512252359
74 0.5181593516 0.139568965703372
74 0.530003744 0.127494863955171
74 0.4920074766 0.122587711681935
74 0.4827937606 0.126464868706061
74 0.4739433836 0.118057022271254
74 0.5052187148 0.132432254085208
74 0.4669189402 0.104644575825309
74 0.4945800509 0.114075346935266
74 0.4524226909 0.0876241430606752
74 0.5070441365 0.11108946104949
74 0.5079887896 0.103437884169444
74 0.4997553642 0.0983126176888096
74 0.4566341475 0.0852667397554169
74 0.4633645861 0.0853640259075783
74 0.503599001 0.0892257999312628
74 0.4968473849 0.0832842820392998
74 0.4922167114 0.0844006852465661
74 0.5062299163 0.0776806470441101
74 0.4804605902 0.0745639916301377
74 0.4845299165 0.0752966985425926
75 0.49812095122 0.0901790104397068
75 0.4999720682 0.0646923979655941
75 0.4998456357 0.0598235273313136
75 0.5001157102 0.0526758945770792
75 0.5000089822 0.0494836705039767
75 0.4998284321 0.0468261819252537
75 0.499684037 0.0437075419649229
75 0.4998087323 0.0412283706581809
75 0.4995748113 0.0391687334909698
75 0.4998436467 0.0372558615474054
75 0.4996598518 0.0363998847968528
75 0.5002543627 0.0348553109025204
75 0.5001608464 0.0336361460610485
75 0.4997416444 0.032795001562572
75 0.5004907729 0.0322491526541182
75 0.4997022442 0.0310883663456955
75 0.5001758125 0.0310414401089503
75 0.5004590944 0.0306767594175644
75 0.5003643438 0.0298118658449906
75 0.499970073 0.030268408463888
75 0.49941247 0.0293930043784187
75 0.4998187043 0.0284800538233803
75 0.499850872 0.0282255892109066
75 0.500110475 0.0288122747445975
75 0.499865339 0.0283535722888957
75 0.4997738143 0.0280675020091621
75 0.5004528668 0.0276626856592856
75 0.4998354091 0.0271309748177207
75 0.4993685801 0.0275247132614964
75 0.5000341631 0.0267811265085397
75 0.4998730662 0.0264296270558222
75 0.4997231959 0.0271589140975964
76 0.4999882812 0.0256142935927062
76 0.5004244374 0.0248114113692933
76 0.4998311743 0.0245838803877096
76 0.50002768 0.0244935390325619
76 0.4999356607 0.0248321210946907
76 0.5000830395 0.0247474158208028
76 0.4993581079 0.0246989405530865
76 0.4997825445 0.0244208910517982
76 0.5000466329 0.0243763156143341
76 0.5005688281 0.0246317466895153
76 0.4999271827 0.0244393392434817
76 0.5002266889 0.0242721364026217
76 0.499774566 0.0244775713048199
76 0.4993990066 0.0242571126314918
76 0.5003980079 0.0243544480072124
76 0.50040574 0.0244855960681475
76 0.4999561083 0.0240845228105203
76 0.4998608463 0.0246181775054378
76 0.5001451415 0.0242050462229293
76 0.5002159609 0.0246579125641522
76 0.4998089777 0.0242181646810541
76 0.5002329178 0.0244556127263094
76 0.4992379013 0.0245514074951755
76 0.5002284275 0.0245275523204054
76 0.4999244345 0.0244207542455081
76 0.4997164578 0.0247270693359325
76 0.4996543642 0.0246654105267235
76 0.5010406445 0.0242926851132624
76 0.500329672 0.0244441038882898
76 0.499638401 0.0240785980250571
76 0.5005401485 0.0243004267786558
76 0.5000585968 0.0244470743710482
77 0.5000680823 0.0250169845543292
77 0.5001214444 0.0250620393843901
77 0.4995311728 0.0251857737870383
77 0.5000775586 0.0249181419328148
77 0.5000573545 0.0251307418876644
77 0.5000002562 0.0247962322973829
77 0.5003087275 0.0248559695363871
77 0.4999196983 0.024947694172615
77 0.499992771 0.0253051935617311
77 0.5001005024 0.024888293275442
77 0.5001590982 0.0249363130391033
77 0.4998825484 0.0248692662111339
77 0.5003000007 0.0248030999004432
77 0.4997431424 0.0248266889999813
77 0.5000615954 0.0251699775082751
77 0.4995563582 0.0247180241647174
77 0.5001653411 0.0247462898941943
77 0.4999516224 0.0248235321944013
77 0.4999241844 0.0248541144301584
77 0.4998403982 0.0246755308293258
77 0.5003673321 0.025083827620577
77 0.5000344176 0.0248285977413625
77 0.4997197015 0.0250069772949619
77 0.4999104719 0.024842177507653
77 0.4996137169 0.0251815913577972
77 0.5000650855 0.0249643804444069
77 0.5005441429 0.0251319426292261
77 0.4998329148 0.0249839314352753
77 0.4997231945 0.0254349931074791
77 0.5000875315 0.0248644881379498
77 0.4999024948 0.0252047285696077
77 0.4998892772 0.0249930335447928
