
0.0277952
0.0340256
0.0394072
0.04338
0.0458248
0.0484424
0.050196
0.0518536
0.0536752
0.055288
0.056992
0.0572344
0.057852
0.058684
0.0600984
0.0603504
0.0607488
0.0608976
0.0604808
0.0610312
0.0605856
0.0608592
0.061136
0.0613448
0.0609904
0.0616856
0.0622208
0.0627336
0.0625512
0.0614856
0.0616632
0.0617832
0.0618264
0.0612416
0.0615848
0.0622376
0.06308
0.063616
0.0635384
0.0637264
0.0625024
0.06272
0.0628432
0.0634288
0.0635864
0.0625736
0.0623936
0.0608096
0.0607032
0.0616128
0.0627728
0.061768
0.062284
0.0612416
0.0624552
0.0630448
0.0644144
0.064124
0.0640048
0.0631536
0.064024
0.0639992
0.0625376
0.0635352
0.0638728
0.0645008
0.063252
0.063732
0.0634208
0.0630808
0.0623192
0.0618704
0.0622392
0.061708
0.0620896
0.0624328
0.0637208
0.0647384
0.0636088
0.0631048
0.0628248
0.0625256
0.0628376
0.0634
0.0631736
0.0639584
0.0644872
0.0632112
0.0625088
0.0639384
0.0633152
0.0629968
0.0643536
0.064092
0.0627232
0.062784
0.0625528
0.0625136
0.06276
0.0633536
0.0631208
0.062948
0.0620608
0.0632576
0.063056
0.0625392
0.0626688
0.063704
0.0641328
0.062688
0.0628392
0.0631344
0.0621696
0.0629168
0.0629944
0.0635216
0.063348
0.0635744
0.06378
0.063676
0.06418
0.0640016
0.0627752
0.0630032
0.0639496
0.0636744
0.0640048
0.0630296
0.0616192
0.062732
0.0625472
0.0619512
0.0609312
0.062144
0.0628208
0.0619016
0.061928
0.0628776
0.0625856
0.0617104
0.062896
0.0639072
0.0636656
0.0634336
0.0640208
0.0643416
0.0654336
0.065628
0.0649784
0.064604
0.06434
0.0643352
0.0632984
0.063932
0.0638392
0.0642456
0.0636104
0.0639912
0.0631552
0.0620584
0.0632424
0.0641568
0.064328
0.0640624
0.0641744
0.0633
0.06378
0.0636944
0.0633328
0.0646352
0.0635504
0.063444
0.0642
0.064024
0.0637528
0.0637896
0.0634072
0.0625184
0.062336
0.0615128
0.060396
0.0599616
0.061036
0.062784
0.0616376
0.0609384
0.0618032
0.0601624
0.0609592
0.0619032
0.0611768
0.0614848
0.0608752
0.060536
0.0605448
0.0595448
0.0605096
0.0613224
0.0617128
0.0610608
0.0601568
0.0604192
0.0599992
0.0603
0.0610688
0.0612512
0.0600736
0.0612616
0.0598984
0.0608144
0.0613624
0.0623584
0.0622256
0.0618744
0.0620552
0.0617144
0.0612456
0.0622496
0.0647328
0.0655168
0.0657512
0.0673336
0.067292
0.0679992
0.067092
0.0662032
0.0657792
0.0657536
0.0656288
0.0648904
0.0644152
0.063684
0.0643768
0.0642312
0.063732
0.0647952
0.0645072
0.0644824
0.0643568
0.0644752
0.06484
0.0639464
0.0642776
0.0643408
0.0632432
0.0629056
0.0623312
0.0628368
0.0637464
0.0635864
0.0643656
0.0651832
0.0631488
0.062424
0.0633592
0.0632688
0.0626112
0.0627464
0.061516
0.061588
0.0619152
0.062468
0.0630256
0.0614408
0.0618928
0.0612256
0.0610768
0.0617816
0.062608
0.0626912
0.0630248
0.0628416
0.0620928
0.0615472
0.0616424
0.0619952
0.062084
0.0632208
0.0613328
0.0613936
0.0613328
0.0621472
0.0624328
0.0627968
0.0629984
0.0631872
0.0633656
0.0629488
0.0625464
0.062868
0.0623928
0.0620256
0.0611696
0.0628848
0.0636968
0.0634808
0.0628608
0.0625312
0.0625808
0.0624136
0.0622944
0.0630272
0.0631856
0.0618288
0.0624976
0.062716
0.0636328
0.0637216
0.0633488
0.0636248
0.064364
0.0645456
0.0633888
0.0633248
0.064484
0.0641856
0.0634968
0.06406
0.06372
0.0645304
0.0653088
0.0642472
0.0644336
0.0649832
0.0654448
0.0638272
0.0620416
0.0625016
0.062432
0.0616456
0.0623424
0.0619984
0.0625664
0.0620544
0.06226
0.0624848
0.0619056
0.061896
0.0626112
0.0630696
0.0618512
0.0630496
0.0634272
0.0625176
0.06172
0.0623376
0.0634648
0.0639528
0.062124
0.0624144
0.0616496
0.061808
0.0612824
0.0626192
0.06402
0.063296
0.062428
0.0635312
0.064104
0.0630768
0.0623216
0.0613184
0.061572
0.062748
0.062944
0.0621544
0.0613568
0.0622312
0.06108
0.0611776
0.0608248
0.0612272
0.0617472
0.061992
0.0626864
0.062844
0.0636872
0.0640176
0.0647864
0.0645456
0.064604
0.06436
0.0636192
0.063884
0.0626312
0.0627024
0.0631232
0.0633568
0.064644
0.0638688
0.0631144
0.062428
0.062776
0.062332
0.062016
0.061148
0.0618736
0.0624936
0.0632456
0.0636272
0.0639976
0.062764
0.0616432
0.06164
0.0620848
0.0618296
0.062828
0.0633496
0.0621264
0.061516
0.0619976
0.0636088
0.064304
0.0639824
0.06368
0.0656624
0.065572
0.063596
0.0637472
0.0639056
0.0646448
0.0656496
0.0663304
0.0651592
0.0644704
0.0644232
0.0650592
0.063976
0.0638008
0.0627792
0.0634208
0.064428
0.0646272
0.0648544
0.0649088
0.0651536
0.0644312
0.0652008
0.0653696
0.064696
0.0655176
0.0649184
0.0645976
0.0637304
0.0628376
0.0626464
0.0624792
0.0625728
0.0635376
0.0634304
0.0635936
0.0625168
0.0622496
0.0616784
0.0620944
0.0616744
0.0620336
0.0616224
0.0613584
0.061608
0.0616736
0.0607632
0.0608688
0.0606928
0.0604784
0.0615432
0.0620136
0.0619864
0.0642656
0.064516
0.064044
0.0645688
0.0636864
0.064412
0.0639952
0.0629568
0.063304
0.0632952
0.0623352
0.062496
0.0630432
0.0632368
0.0638272
0.0638168
0.0645856
0.0639232
0.0638784
0.06366
0.0639824
0.0632608
0.063612
0.06346
0.0641104
0.0640304
0.0623464
0.0638008
0.0636752
0.063236
0.0623264
0.062028
0.0629096
0.0630728
0.0622952
0.0635352
0.0625312
0.062856
0.0637872
0.0630952
0.0616264
0.059604
0.0595496
0.0609576
0.0620672
0.062024
0.0618864
0.0617392
0.0637104
0.0629744
0.062496
0.0610208
0.0610504
0.0615656
0.0625624
0.0629304
0.0624048
0.061908
0.0622088
0.0629488
0.062824
0.0646792
0.065496
0.0651608
0.0650216
0.0654408
0.0641376
0.0634768
0.0628696
0.0626304
0.0627352
0.0628688
0.0631784
0.063252
0.0620856
0.0618928
0.0629408
0.064564
0.06538
0.0646672
0.064224
0.0642776
0.0637896
0.0629936
0.0627016
0.0633424
0.063468
0.0646376
0.0645712
0.0632528
0.0626504
0.063744
0.0640512
0.0645864
0.0644576
0.0649288
0.0660112
0.0667072
0.0653344
0.0653696
0.0655952
0.065668
0.0651168
0.0651968
0.065044
0.0651352
0.0646464
0.0638952
0.064588
0.065196
0.0645056
0.0639304
0.0638776
0.0628072
0.062892
0.0615912
0.0614232
0.0617632
0.0612912
0.0612736
0.0607936
0.061084
0.0609168
0.0629536
0.0622488
0.0621944
0.0633768
0.0637024
0.0638784
0.064368
0.0643296
0.0633472
0.0634552
0.0643968
0.063364
0.0634376
0.0638648
0.0631872
0.062444
0.0636016
0.0648064
0.064636
0.0637248
0.0629928
0.0631064
0.0628344
0.0628512
0.0617664
0.061664
0.0620344
0.0629592
0.0628672
0.0629
0.0626256
0.0633696
0.0630584
0.0615272
0.0605776
0.0611312
0.060432
0.0606392
0.05952
0.0602544
0.0614136
0.0610432
0.0620784
0.0625336
0.0622544
0.063292
0.063208
0.0622792
0.0628664
0.0632784
0.0642568
0.065244
0.065972
0.065136
0.0651776
0.0660296
0.065372
0.065752
0.0651776
0.0642648
0.065016
0.0656648
0.0655944
0.0666552
0.0663256
0.0656768
0.0661512
0.0663808
0.0658624
0.0657608
0.0652888
0.0641736
0.0648256
0.065188
0.0648248
0.0645888
0.0638768
0.0639392
0.0641768
0.0635512
0.062988
0.0635064
0.0636736
0.063844
0.0646536
0.0662576
0.0663408
0.0659056
0.0655752
0.0653032
0.0658776
0.0655688
0.065892
0.0653704
0.0650784
0.0642904
0.063496
0.0631176
0.0632648
0.0636072
0.0638224
0.0655864
0.0656088
0.0644848
0.0623208
0.062576
0.0621088
0.0648256
0.0652344
0.064344
0.064716
0.0638328
0.0639368
0.0634384
0.0620664
0.0649192
0.0643456
0.0642896
0.0646
0.0653312
0.0652272
0.0629088
0.0637296
0.065384
0.0646048
0.0653072
0.0656144
0.0648104
0.0652992
0.0659816
0.0653192
0.065692
0.065916
0.0666024
0.0648904
0.064368
0.063528
0.062944
0.062584
0.0621288
0.0620312
0.0626816
0.0626648
0.0617504
0.0617912
0.0614784
0.0622448
0.0610976
0.0616328
0.062856
0.0617224
0.0612952
0.061268
0.060616
0.0612248
0.061472
0.0617048
0.0621808
0.0623672
0.062768
0.0618056
0.0623072
0.0630032
0.0625152
0.0632152
0.0635824
0.0631
0.0621992
0.0620736
0.0629544
0.0619856
0.0616784
0.0615688
0.0607904
0.061416
0.061136
0.0602144
0.0605208
0.060832
0.061896
0.0628152
0.0629576
0.0617152
0.061056
0.0616832
0.061776
0.0623568
0.0632568
0.0630736
0.0635496
0.0644936
0.0636288
0.0644296
0.0629224
0.063928
0.0648664
0.0650008
0.0651024
0.0656312
0.0661944
0.065608
0.063804
0.0640008
0.0625048
0.0621512
0.062084
0.0620032
0.0620912
0.0624928
0.0615344
0.0605072
0.0602664
0.06252
0.0626216
0.0621616
0.0633768
0.0630824
0.0631424
0.06398
0.0642016
0.0642656
0.0632352
0.0635648
0.0628488
0.0638976
0.0637344
0.0639736
0.0646672
0.0647592
0.0636984
0.0642424
0.0647976
0.0645712
0.0632016
0.0632592
0.0635544
0.0634984
0.0630752
0.0618064
0.0613344
0.0614448
0.0609112
0.0620992
0.0621696
0.0621592
0.0635136
0.0644944
0.06352
0.06188
0.0620248
0.0622864
0.0642288
0.0645832
0.0652152
0.0636312
0.0634392
0.0628296
0.0627896
0.0633192
0.0632168
0.0657752
0.0655104
0.0649984
0.0641312
0.064112
0.064504
0.0639384
0.0636648
0.063752
0.0635504
0.0639312
0.0629632
0.0621288
0.0621352
0.0618992
0.0622192
0.0628688
0.0632672
0.0626872
0.0633448
0.063104
0.0629528
0.064144
0.0634392
0.0629768
0.0619032
0.0626384
0.0628424
0.061488
0.0614976
0.0617744
0.0620264
0.0613936
0.0620728
0.0628008
0.0623888
0.0635544
0.063476
0.0630752
0.0623056
0.0631064
0.0632288
0.0637328
0.0648704
0.0640592
0.0643672
0.0645272
0.0637736
0.0631792
0.063196
0.0641416
0.0641128
0.0652816
0.0640344
0.0632416
0.063968
0.063724
0.0652816
0.066012
0.0662712
0.0656144
0.0658176
0.0649576
0.0637912
0.0637064
0.063564
0.063496
0.0625584
0.0629704
0.0627608
0.0627768
0.0612312
0.061244
0.0604488
0.0611376
0.0618672
0.0616928
0.0620984
0.0625
0.0629104
0.0621992
0.0631912
0.0635768
0.0638136
0.0639168
0.0634464
0.0631184
0.0622664
0.0610536
0.0620832
0.061156
0.0609696
0.0612008
0.0610264
0.0604984
0.060856
0.0609376
0.0598224
0.059636
0.0599848
0.0609208
0.0601488
0.0606344
0.0609248
0.061372
0.0609464
0.0611328
0.0619688
0.0618528
0.0620144
0.0626832
0.0627024
0.0627896
0.0620488
0.0620512
0.061712
0.0610424
0.0603696
0.0606456
0.0623048
0.0618216
0.0620424
0.061164
0.0612392
0.0622856
0.062888
0.0636
0.0627576
0.062872
0.0633688
0.0636512
0.0630976
0.0634632
0.062488
0.0626592
0.0621928
0.0630976
0.06264
0.063368
0.0629608
0.0634936
0.0636616
0.0619816
0.06234
0.061932
0.0632544
0.0622312
0.063084
0.064468


