
0.0318464
0.0427472
0.0527304
0.0619416
0.0698832
0.0764552
0.082616
0.0879816
0.0929744
0.0978384
0.102505
0.10727
0.11167
0.116018
0.120822
0.124248
0.128431
0.131108
0.135214
0.138189
0.141207
0.144734
0.147621
0.15073
0.153519
0.156754
0.15941
0.162154
0.165634
0.168815
0.171498
0.17411
0.176905
0.179502
0.181214
0.183504
0.184966
0.188095
0.190862
0.193536
0.194989
0.197659
0.200398
0.203855
0.20581
0.208031
0.210665
0.213274
0.215174
0.216876
0.21885
0.220269
0.223016
0.224748
0.226676
0.228391
0.230947
0.232313
0.233922
0.235803
0.238171
0.239671
0.241713
0.243545
0.245313
0.246652
0.248668
0.250946
0.252842
0.254842
0.256749
0.258587
0.260406
0.262358
0.264298
0.265973
0.267526
0.269258
0.271311
0.272584
0.274435
0.275463
0.276697
0.277543
0.279542
0.280382
0.2821
0.283741
0.286212
0.287123
0.288126
0.289342
0.290882
0.292699
0.293988
0.295498
0.296988
0.29828
0.299779
0.300099
0.300862
0.30307
0.304787
0.306466
0.307815
0.309075
0.310206
0.312236
0.314102
0.315034
0.315962
0.317955
0.319244
0.321373
0.322536
0.323828
0.325038
0.326107
0.327638
0.328258
0.329962
0.33141
0.332616
0.333139
0.334434
0.335814
0.336868
0.33871
0.340196
0.341794
0.343121
0.344695
0.345938
0.347159
0.348198
0.348929
0.350316
0.351338
0.352534
0.35395
0.35551
0.356657
0.358366
0.358745
0.35976
0.361162
0.361586
0.363266
0.364896
0.366438
0.367183
0.368515
0.370295
0.371505
0.372276
0.373635
0.375518
0.377078
0.37829
0.379012
0.379711
0.380718
0.381985
0.382644
0.383589
0.384679
0.38608
0.386942
0.388074
0.388901
0.389703
0.391262
0.392678
0.39392
0.395519
0.396196
0.396796
0.39765
0.399003
0.400227
0.401954
0.402812
0.403821
0.404638
0.405462
0.406306
0.407439
0.409041
0.409979
0.411046
0.412766
0.413312
0.414258
0.414978
0.41642
0.417678
0.418962
0.420631
0.421627
0.423154
0.424175
0.424431
0.425138
0.425866
0.427516
0.428609
0.429174
0.430613
0.43238
0.433822
0.434858
0.435504
0.436324
0.4371
0.4378
0.439165
0.439944
0.44126
0.443228
0.444302
0.44439
0.445088
0.446649
0.447727
0.448383
0.449294
0.449844
0.451085
0.452204
0.453186
0.453818
0.454946
0.45603
0.456734
0.457654
0.45841
0.459775
0.460961
0.461833
0.462578
0.463485
0.464498
0.465526
0.466655
0.467382
0.468154
0.469454
0.470813
0.472006
0.472303
0.473006
0.474075
0.474984
0.475395
0.476852
0.478165
0.479561
0.480599
0.481159
0.482114
0.48327
0.484191
0.48507
0.486358
0.487773
0.488718
0.489858
0.490934
0.49183
0.493033
0.494475
0.495504
0.496666
0.497998
0.498802
0.499784
0.500226
0.500966
0.501722
0.502809
0.504204
0.505198
0.505802
0.506665
0.508217
0.509475
0.51001
0.5111
0.512158
0.512892
0.513814
0.514509
0.515487
0.516226
0.517351
0.517987
0.518863
0.520026
0.521222
0.52212
0.52329
0.524025
0.52534
0.526204
0.52755
0.528393
0.529411
0.53027
0.53114
0.531262
0.532146
0.532713
0.533838
0.534614
0.535573
0.536247
0.537376
0.538251
0.539168
0.539936
0.540286
0.54063
0.541224
0.542079
0.543049
0.543634
0.544551
0.545602
0.546691
0.548108
0.548694
0.549885
0.55101
0.551582
0.552562
0.553535
0.554291
0.555354
0.556488
0.557018
0.557975
0.558845
0.559364
0.560034
0.560988
0.56164
0.561572
0.56241
0.562933
0.564413
0.565164
0.565796
0.567035
0.567731
0.568557
0.569041
0.569619
0.57055
0.571259
0.57209
0.572938
0.573442
0.574685
0.575082
0.575803
0.576506
0.577099
0.577558
0.578499
0.579093
0.580072
0.580457
0.581209
0.581894
0.58205
0.58282
0.583594
0.584342
0.58477
0.584959
0.585692
0.586194
0.587244
0.588319
0.588917
0.590106
0.590435
0.591421
0.592635
0.5932
0.593902
0.594306
0.595209
0.595986
0.596239
0.597355
0.59798
0.598662
0.599985
0.60064
0.601422
0.60199
0.602478
0.603442
0.604363
0.605677
0.605598
0.606889
0.6076
0.608445
0.609516
0.610231
0.610841
0.611414
0.612107
0.612863
0.613224
0.614213
0.614998
0.615502
0.61627
0.616486
0.617108
0.617338
0.61782
0.618128
0.618736
0.619774
0.620518
0.621522
0.622625
0.623224
0.623531
0.624657
0.624896
0.625759
0.626086
0.626922
0.626993
0.627907
0.628063
0.628791
0.629615
0.630494
0.630568
0.631226
0.631682
0.63225
0.632462
0.633557
0.634362
0.634877
0.635557
0.635722
0.635911
0.636782
0.63755
0.638238
0.638682
0.639666
0.6404
0.641246
0.641603
0.642326
0.642974
0.643532
0.643576
0.644357
0.645266
0.645872
0.646978
0.647218
0.64787
0.648382
0.648797
0.650014
0.650758
0.650918
0.651486
0.65193
0.652604
0.652696
0.653684
0.653822
0.654646
0.655304
0.655836
0.655981
0.656771
0.657187
0.65797
0.658542
0.658998
0.659226
0.659822
0.660134
0.660532
0.661212
0.661308
0.66205
0.662561
0.66291
0.663529
0.664329
0.664402
0.665009
0.665485
0.66594
0.666441
0.66725
0.667583
0.668342
0.668754
0.669166
0.669581
0.669974
0.670458
0.670792
0.6712
0.671517
0.672154
0.67228
0.672519
0.672851
0.673672
0.673759
0.674149
0.674474
0.674769
0.675298
0.675886
0.675973
0.676561
0.67714
0.677403
0.678187
0.678129
0.678811
0.67961
0.679927
0.680298
0.68103
0.681499
0.681899
0.682238
0.682628
0.683218
0.683762
0.683841
0.684429
0.68463
0.685241
0.685203
0.68552
0.686201
0.686796
0.687173
0.687382
0.688108
0.688423
0.688821
0.688816
0.688892
0.689325
0.69005
0.690529
0.690777
0.690772
0.691003
0.691366
0.692032
0.69186
0.69248
0.69306
0.693217
0.693343
0.693498
0.693646
0.693902
0.694256
0.694349
0.694714
0.694956
0.69507
0.695034
0.695219
0.695472
0.69614
0.69593
0.696481
0.696842
0.697012
0.697436
0.697493
0.698462
0.69845
0.699066
0.699814
0.700001
0.700238
0.701003
0.701343
0.701754
0.702218
0.70208
0.702008
0.702631
0.703186
0.703514
0.703965
0.70393
0.704363
0.704577
0.70471
0.70483
0.705406
0.705703
0.70573
0.706056
0.706222
0.706523
0.706537
0.706774
0.707058
0.707404
0.707581
0.707459
0.707933
0.708474
0.708578
0.708902
0.708968
0.709465
0.709421
0.709189
0.709215
0.709781
0.709678
0.70954
0.710102
0.710177
0.710162
0.710389
0.710786
0.710425
0.710378
0.71067
0.710906
0.71135
0.711193
0.711542
0.712156
0.712314
0.712752
0.712912
0.713094
0.713064
0.713335
0.713627
0.713791
0.713723
0.713814
0.714053
0.714278
0.714504
0.71491
0.715188
0.715418
0.716277
0.716577
0.717171
0.717275
0.717216
0.717089
0.71709
0.717712
0.717907
0.718427
0.718396
0.718182
0.718367
0.718618
0.71901
0.718622
0.718662
0.719209
0.718929
0.719161
0.719791
0.720154
0.720222
0.720169
0.720525
0.720732
0.720748
0.720758
0.720997
0.721233
0.721318
0.721663
0.721767
0.722134
0.722775
0.722707
0.722812
0.72283
0.72299
0.72355
0.723724
0.723548
0.724218
0.72388
0.723842
0.724307
0.724082
0.724527
0.724718
0.72473
0.724758
0.724568
0.724646
0.724807
0.725338
0.72571
0.725611
0.726157
0.726596
0.726874
0.726847
0.727079
0.727259
0.727634
0.727735
0.72739
0.72743
0.727342
0.727839
0.728042
0.728592
0.728698
0.728496
0.728415
0.728614
0.728762
0.729215
0.729742
0.729829
0.730374
0.73069
0.730529
0.730623
0.730734
0.730526
0.730398
0.730716
0.730956
0.731451
0.732154
0.73218
0.732149
0.732177
0.731973
0.732411
0.732392
0.732003
0.732066
0.732505
0.732473
0.73262
0.733242
0.73326
0.733485
0.73395
0.733795
0.7339
0.733906
0.734078
0.734398
0.734466
0.734276
0.734443
0.734615
0.734854
0.73461
0.735201
0.734854
0.735251
0.735197
0.735523
0.735739
0.735762
0.736024
0.73578
0.736522
0.736792
0.7363
0.736434
0.736483
0.73678
0.737396
0.737674
0.737443
0.737058
0.737123
0.73715
0.73767
0.73778
0.737545
0.737662
0.737895
0.738532
0.73828
0.738353
0.73895
0.739083
0.739138
0.739108
0.739241
0.739669
0.739804
0.740121
0.740561
0.740478
0.74073
0.741168
0.741258
0.741103
0.741033
0.741222
0.741755
0.74257
0.742925
0.742762
0.742726
0.74269
0.742917
0.743293
0.743764
0.743848
0.74434
0.744608
0.744498
0.744146
0.744746
0.744574
0.744522
0.74443
0.744733
0.744905
0.745064
0.745355
0.745617
0.745541
0.745794
0.746134
0.746438
0.7469
0.746798
0.746714
0.746678
0.746595
0.746446
0.746963
0.746645
0.746757
0.746826
0.746709
0.746768
0.746899
0.746441
0.746955
0.747051
0.747678
0.74739
0.747235
0.747473
0.74769
0.747933
0.747899
0.748142
0.747802
0.748154
0.74849
0.748285
0.747843
0.748185
0.748185
0.748404
0.74829
0.748666
0.749343
0.749015
0.74933
0.749726
0.750182
0.75001
0.74979
0.750083
0.750259
0.75073
0.750438
0.750338
0.750373
0.750789
0.750982
0.7507
0.750967
0.75102
0.751058
0.751588
0.75226
0.752121
0.752425
0.752577
0.752513
0.753022
0.75331
0.753127
0.752912
0.753201
0.753713
0.753046
0.753456
0.753544
0.7539
0.753968
0.753388
0.753414
0.753598
0.753978
0.754199
0.754068
0.754425
0.75443
0.754693
0.75415
0.754153
0.753959
0.754257
0.754159
0.754474
0.75493
0.755044
0.755512
0.755568
0.755247
0.755458
0.755563
0.755482
0.755595
0.755394
0.755635
0.755812
0.756403
0.756224
0.756609
0.756649
0.756945
0.757161
0.757336
0.757689
0.757947
0.757591
0.757485
0.757723
0.758281
0.758149
0.75853
0.758831
0.75866
0.758819
0.758899
0.759063
0.759154
0.758823
0.759266
0.75947
0.759416
0.759031
0.759028
0.759404
0.759352
0.759263
0.758998
0.759102
0.759448
0.759575
0.759352
0.759775
0.759742
0.760131
0.760224
0.760261
0.760574
0.760525
0.760959
0.761126
0.760994
0.760514
0.760465
0.76009
0.760635
0.761203
0.761481
0.761754
0.761447
0.76167
0.762073
0.76249
0.762338
0.762725
0.762478
0.762263
0.76317
0.763594
0.763048
0.763534
0.76313
0.763029
0.763198
0.762923
0.762934
0.763418
0.763503
0.763628
0.763505
0.763212
0.763456
0.763968
0.764146
0.763994
0.764131
0.764022
0.764111
0.763985
0.763522
0.764158
0.764346
0.764413
0.764976
0.764514
0.76453
0.764525
0.764842
0.765035
0.764963
0.765272
0.765148
0.765083
0.765643
0.765969
0.766242
0.766378
0.766485
0.766823
0.767558
0.767154
0.767163
0.767572
0.76774
0.767989
0.768036
0.768366
0.768584
0.768423
0.768232
0.768666
0.768701
0.768941
0.769174
0.769231
0.769608
0.769609
0.76973
0.769615
0.769499
0.770377
0.77019
0.770052
0.76985
0.769825
0.769889
0.769849
0.76979
0.770045
0.770096
0.770194
0.76998
0.76985
0.770338
0.770624
0.770344
0.770586
0.770711
0.770876
0.771307
0.771097
0.771007
0.770742
0.771063
0.77116
0.770939
0.770909
0.770858
0.771204
0.77181
0.771373
0.771701
0.772183
0.772507
0.772372
0.772386
0.772546
0.772356
0.772357
0.772653
0.772562
0.772699
0.772842
0.772878
0.772603
0.772544
0.772545
0.772811
0.772558
0.772604
0.773158
0.773069
0.773263
0.773246
0.773318
0.773192
0.772804
0.773138
0.773406
0.773381
0.773583
0.773431
0.773534
0.773435
0.773938
0.773961
0.77431
0.774278
0.774349
0.774348
0.774828
0.775124
0.775083
0.775299
0.775736
0.776072
0.776076
0.775868
0.77618
0.776046
0.776034
0.776409
0.775802
0.775313
0.775608
0.775687
0.776207
0.775881
0.776366
0.776338
0.776706
0.776361
0.776494
0.776295
0.776473
0.777114
0.777207
0.777275
0.776914
0.776544
0.776905
0.777174
0.776727
0.77663
0.776619
0.776902
0.776343
0.776295
0.776394
0.776232
0.776161
0.776406
0.776866
0.77695
0.777203
0.777206
0.776869
0.777365
0.77782
0.777147
0.777648
0.777812
0.778076
0.778843
0.778728
0.778539
0.778452
0.778889
0.778626
0.778728
0.778762
0.778911
0.779125
0.779599
0.779434
0.77954
0.779287
0.779674
0.779879
0.779834
0.780062
0.780331
0.779807
0.780148
0.780084
0.779901
0.780594
0.780718
0.780398
0.780749
0.780442
0.780537
0.780494
0.78055
0.780545
0.780694
0.781042
0.780895
0.780904
0.781218
0.78121
0.781348
0.781132
0.7814
0.781554
0.781717
0.78169
0.781826
0.782091
0.78253
0.783012
0.783426
0.78335
0.783477
0.783322
0.783252
0.78289
0.782771
0.782688
0.782962
0.783077
0.783062
0.783366
0.783573
0.784302
0.783725
0.783644
0.783558
0.783389
0.783354
0.783591
0.784186
0.783664
0.784243
0.784738
0.784601
0.7843
0.784456
0.785029
0.785072
0.785323
0.785075
0.785475
0.78514
0.784739
0.784574
0.78483
0.785016
0.785346
0.785018
0.785343
0.78567
0.785253
0.785142
0.785319
0.785807
0.786192
0.786578
0.78621
0.786274
0.786534
0.786985
0.786794
0.786658
0.786403
0.786274
0.786602
0.786462
0.78655
0.786411
0.786744
0.7869
0.787294
0.787442
0.787302
0.787086
0.78704
0.787345
0.787172
0.786988
0.787553
0.787421
0.787965
0.787682
0.787886
0.787833
0.787754
0.788031
0.788358
0.788779
0.788649
0.78897
0.78869
0.788767
0.789048
0.788844
0.789267
0.789011
0.788837
0.789125
0.78896
0.78955
0.789844
0.789603
0.78967
0.789565
0.790274
0.790161
0.789734
0.789753
0.790187
0.789902
0.790258
0.790643
0.790613
0.79103
0.7911
0.791403
0.791122
0.79119
0.791516
0.79187
0.791742
0.792024
0.792026
0.791742
0.791713
0.79213
0.792706
0.792534
0.792486
0.792702
0.792384
0.792078
0.792503
0.792688
0.792907
0.792814
0.792989
0.792995
0.793029
0.792845
0.792494
0.792663
0.792547
0.7926
0.79315
0.792949
0.793031
0.792922
0.793445
0.793614
0.793625
0.793847
0.794088
0.794325
0.794567
0.794246
0.793892
0.79406
0.794578
0.794276
0.794798
0.795268
0.795188
0.79518
0.79536
0.795463
0.795296
0.795177
0.795174
0.79511
0.795415
0.795345
0.795497
0.79537
0.795034
0.794979
0.795164
0.795907
0.795769
0.795892
0.796012
0.796132
0.795797
0.796291
0.79605
0.79649
0.79649
0.796682
0.797122
0.796901
0.797075
0.797125
0.797394
0.797697
0.797196
0.797355
0.797999
0.797663
0.79785
0.797913
0.798132
0.798018
0.798209
0.798343
0.798408
0.798612
0.798848
0.79892
0.799308
0.79922
0.799613
0.79943
0.799394
0.799725
0.800158
0.800164
0.800493
0.800399
0.800102
0.800094
0.800281
0.800122
0.799922
0.799889
0.799952
0.799962
0.800553
0.800283
0.800445
0.801112
0.80149
0.801821
0.801643
0.801686
0.802198
0.802324
0.801926
0.802164
0.802374
0.80264
0.802966
0.802948
0.802982
0.802998
0.803378
0.803969
0.804362
0.804126
0.804365
0.804254
0.804123
0.804101
0.804651
0.804598
0.804602
0.804671
0.804582
0.804563
0.804713
0.804988
0.805202
0.805326
0.805476
0.805447
0.805516
0.805916
0.80617
0.806501
0.806548
0.806466
0.805942
0.806243
0.80611
0.806236
0.806446
0.806507
0.806499
0.806333
0.806547
0.806546
0.80679
0.806809
0.806843
0.806832
0.80703
0.807415
0.807465
0.807637
0.808158
0.808094
0.808118
0.808244
0.807706
0.807702
0.80732
0.80716
0.807496
0.808154
0.808302
0.808231
0.808535
0.808692
0.808951
0.808998
0.808975
0.809143
0.809498
0.809506
0.809339
0.80938
0.809563
0.809154
0.809682
0.809577
0.809503
0.809509
0.809643
0.810032
0.810066
0.810352
0.810369
0.810141
0.810735
0.810909
0.810906
0.810384
0.810871
0.811171
0.810932
0.811153
0.81114
0.811176
0.810737
0.811275
0.811085
0.811541
0.811578
0.811418
0.811489
0.811701
0.811972
0.811982
0.811873
0.811968
0.812442
0.812429
0.812804
0.813566
0.814161
0.814154
0.814108
0.814054
0.814002
0.814326
0.814176
0.814564
0.81532
0.815357
0.815316
0.815525
0.81569
0.815837
0.815453
0.815586
0.815376
0.815553
0.815694
0.81588
0.816042
0.81619
0.816258
0.816209
0.816496
0.816858
0.816584
0.816623
0.816664
0.816813
0.816593
0.816821
0.81686
0.817115
0.817296
0.817344
0.817066
0.817128
0.817124
0.817222
0.817218
0.817391
0.817491
0.817418
0.81731
0.817237
0.817317
0.817638
0.817771
0.817752
0.817722
0.817813
0.817858
0.817826
0.818146
0.818545
0.818571
0.818466
0.818625
0.819071
0.819252
0.819428
0.819545
0.819281
0.819381
0.819643
0.819869
0.819922
0.819724
0.819698
0.820162
0.819975
0.81972
0.819619
0.819788
0.819862
0.819687
0.81988
0.820086
0.819664
0.820358
0.820666
0.820934
0.820772
0.821035
0.821079
0.821338
0.821189
0.821258
0.8214
0.821486
0.820946
0.820514
0.8204
0.820968
0.820948
0.82115
0.821314
0.821679
0.821785
0.821647
0.821459
0.821337
0.82137
0.821853
0.822326
0.822214
0.822558
0.82269
0.822923
0.823217
0.823324
0.82333
0.823404
0.823246
0.823158
0.822972
0.82292
0.822862
0.822988
0.822991
0.8232
0.822799
0.823354
0.82345
0.823366
0.823621
0.823724
0.823763
0.82407
0.824288
0.82407
0.824198
0.824134
0.823956
0.824262
0.824038
0.823897
0.82382
0.823891
0.824274
0.82463
0.824688
0.824744
0.824607
0.824518
0.824718
0.825291
0.824985
0.824889
0.825002
0.825086
0.825148
0.82471
0.824862
0.824762
0.824791
0.825045
0.825358
0.825282
0.825262
0.825494
0.82537
0.82549
0.82572
0.825619
0.82584
0.825384
0.825507
0.826251
0.826953
0.827108
0.827188
0.827062
0.826704
0.826655
0.826721
0.826864
0.827266
0.827299
0.827539
0.827228
0.82729
0.827338
0.827237
0.827283
0.826925
0.827158
0.82732
0.827287
0.827553
0.827309
0.826943
0.826961
0.827236
0.827136
0.827618
0.827426
0.827145
0.827285
0.827277
0.82732
0.827496
0.827646
0.827738
0.828098
0.828158
0.827727
0.827464
0.827382
0.827138
0.827268
0.827326
0.827348
0.827239
0.827152
0.8275
0.827826
0.828234
0.828206
0.828706
0.828258
0.828594
0.828379
0.828611
0.828674
0.82833
0.828209
0.828358
0.828749
0.828673
0.829148
0.82926
0.82936
0.829462
0.829079
0.8291
0.829428
0.82945
0.829456
0.829414
0.82959
0.829286
0.829251
0.829341
0.828852
0.829196
0.829502
0.830063
0.830213
0.830308
0.830619
0.830881
0.830887
0.831178
0.830897
0.83102
0.83121
0.831075
0.831082
0.831222
0.831192
0.83097
0.831137
0.831074
0.831215
0.831349
0.831817
0.831783
0.832061
0.832206
0.832549
0.832491
0.832478
0.83235
0.83258
0.832689
0.832718
0.832484
0.83283
0.83285
0.832883
0.832946
0.832754
0.832749
0.83271
0.832562
0.832735
0.833038
0.83309
0.832583
0.83275
0.83306
0.833486
0.833559
0.833902
0.833714
0.833458
0.833702
0.833713
0.833996
0.833878
0.833829
0.833506
0.833459
0.833656
0.834201
0.834062
0.834578
0.834334
0.833819
0.833719
0.833656
0.833783
0.833768
0.833809
0.834228
0.83451
0.834296
0.834294
0.83475
0.834518
0.834443
0.834481
0.834605
0.834851
0.835122
0.834925
0.835174
0.835386
0.834959
0.834909
0.834828
0.834464
0.834527
0.834971
0.835234
0.835284
0.835294
0.834996
0.835046
0.83546
0.835628
0.835478
0.835249
0.834954
0.835082
0.835059
0.835241
0.835113
0.835525
0.835466
0.835568
0.835862
0.835969
0.835554
0.835242
0.835546
0.835666
0.835394
0.835581
0.835403
0.835442
0.835349
0.835206
0.835345
0.835518
0.835406
0.83593
0.835606
0.835736
0.835778
0.835718
0.835814
0.83555
0.83547
0.835599
0.836175
0.836061
0.836046
0.83573
0.83591
0.836297
0.835942
0.83604
0.836001
0.836265
0.836448
0.836718
0.836472
0.836599
0.836682
0.836676
0.836454
0.83657
0.83665
0.836265
0.836659
0.836599
0.836938
0.836975
0.836872
0.837281
0.836872
0.837281
0.837398
0.837142
0.837079
0.837715
0.837582
0.837874
0.838163
0.837718
0.837606
0.83738
0.837664
0.837714
0.837695
0.837818
0.837881
0.837675
0.837715
0.837687
0.837562
0.837877
0.837735
0.837838
0.838226
0.838509
0.838377
0.838416
0.838515
0.839037
0.839341
0.839118
0.839006
0.83924
0.838952
0.838838
0.83932
0.839047
0.839023
0.839283
0.839462
0.839465
0.839427
0.839351
0.839722
0.839967
0.840293
0.84014
0.840294
0.84031
0.840118
0.840396
0.840281
0.840252
0.840399
0.840166
0.839874
0.84007
0.840348
0.840778
0.840582
0.840669
0.840738
0.840937
0.841006
0.840733
0.840805
0.840839
0.840718
0.840919
0.840827
0.840433
0.840586
0.840241
0.840372
0.840698
0.840493
0.840677
0.840932
0.841094
0.841376
0.841291
0.84149
0.841625
0.841357
0.841676
0.842031
0.841843
0.841922
0.842322
0.84212
0.841973
0.841897
0.841798
0.841963
0.84205
0.842129
0.842323
0.84229
0.842569
0.84241
0.842212
0.84217
0.84189
0.841934
0.842237
0.841849
0.842018
0.842251
0.842458
0.842342
0.84266
0.842413
0.842452
0.842512
0.842589
0.842883
0.84295
0.843254
0.843087
0.843557
0.843503
0.843154
0.842992
0.843222
0.843285
0.843279
0.84396
0.844136
0.844055
0.843475
0.843525
0.843959
0.843821
0.843937
0.844163
0.843894
0.843425
0.843311
0.843208
0.843262
0.842907
0.843024
0.843359
0.84338
0.84397
0.844119
0.844186
0.843926
0.843819
0.843864
0.844436
0.844999
0.844946
0.845116
0.84533
0.845392
0.845136
0.844637
0.844664
0.844573
0.844793
0.845092
0.844533
0.845091
0.84524
0.84501
0.845074
0.845194
0.845184
0.845066
0.845558
0.845436
0.84535
0.845149
0.845278
0.844915
0.845266
0.845293
0.84533
0.845267
0.845145
0.845189
0.845692
0.845669
0.845865
0.845635
0.846127
0.84595
0.846501
0.845572
0.845642
0.845894
0.845974
0.846248
0.846102
0.846066
0.846406
0.846098
0.846106
0.846013
0.846302
0.846499
0.846545
0.84606
0.846062
0.846654
0.84642
0.846569
0.846317
0.846286
0.846369
0.846614
0.84647
0.846785
0.84689
0.84674
0.846795
0.846978
0.847154
0.846902
0.846998
0.846822
0.847279
0.847098
0.847308
0.847415
0.847354
0.847344
0.84733
0.847202
0.847074
0.847157
0.847098
0.84695
0.846621
0.84681
0.84696
0.84704
0.847246
0.84732
0.84744
0.847235
0.847057
0.847312
0.847217
0.847018
0.847317
0.847798
0.847394
0.84769
0.847781
0.847805
0.847699
0.847552
0.847626
0.84723
0.847402
0.847346
0.84751
0.847338
0.847223
0.847223
0.847127
0.847636
0.8477
0.847443
0.847601
0.847547
0.847451
0.84775
0.84817
0.847919
0.848257
0.848045
0.848378
0.848074
0.848214
0.848161
0.848196
0.84825
0.848759
0.848257
0.848306
0.848382
0.848431
0.848323
0.848081
0.848086
0.848158
0.848338
0.84864
0.848604
0.848669
0.848698
0.84887
0.848881
0.848597
0.848803
0.848866
0.848797
0.848976
0.848758
0.848673
0.849004
0.849409
0.849235
0.849217
0.84888
0.848814
0.848982
0.848919
0.848448
0.848408
0.848622
0.848531
0.848326
0.848529
0.848606
0.848533
0.84862
0.848447
0.848666
0.848577
0.848545
0.847965
0.848186
0.848479
0.848602
0.848725
0.848931
0.848931
0.849002
0.849027
0.848494
0.848434
0.848924
0.849074
0.848727
0.848821
0.849191
0.849198
0.849006
0.848506
0.848399
0.848244
0.848385
0.848601
0.848886
0.848993
0.848952
0.848745
0.848897
0.849135
0.849547
0.849897
0.849766
0.849947
0.849613
0.849796
0.849607
0.849494
0.849924
0.850028
0.850095
0.849886
0.849766
0.849986
0.850115
0.849927
0.850185
0.849862
0.849966
0.849722
0.850184
0.84995
0.850041
0.849958
0.849997
0.85043
0.850648
0.850403
0.850346
0.850081
0.850344
0.850032
0.850224
0.850132
0.850078
0.849964
0.849786
0.849982
0.850093
0.849979
0.849771
0.849908
0.850458
0.850503
0.850791
0.850477
0.850268
0.850314
0.850408
0.85062
0.850417
0.850652
0.85064
0.850438
0.85086
0.851015
0.850878
0.850838
0.850783
0.8508
0.851389
0.850638
0.850427
0.850418
0.850294
0.849858
0.849556
0.849875
0.84958
0.849969
0.850319
0.850433
0.850477
0.850744
0.850514
0.850246
0.850529
0.850802
0.850848
0.850848
0.850723
0.850826
0.850822
0.851122
0.851296
0.850993
0.850907
0.85125
0.851081
0.850973
0.850866
0.850993
0.850911
0.851083
0.850981
0.850773
0.850911
0.850858
0.851273
0.850835
0.851255
0.851726
0.851462
0.851899
0.85199
0.852004
0.851935
0.851813
0.852142
0.852177
0.852157
0.852423
0.852148
0.852238
0.85209
0.852146
0.852318
0.851955
0.851942
0.852169
0.852346
0.852889
0.852709
0.852491
0.852563
0.852694
0.852655
0.852372
0.852486
0.852843
0.85284
0.852799
0.853225
0.853009
0.853103
0.852549
0.852345
0.852736
0.852815
0.853047
0.85307
0.853035
0.852972
0.853111
0.853435
0.853403
0.8537
0.85381
0.853503
0.853237
0.85357
0.853224
0.853292
0.853238
0.852545
0.852665
0.852709
0.852712
0.852654
0.852473
0.852233
0.852333
0.852344
0.852672
0.852823
0.852843
0.853052
0.853422
0.852981
0.85294
0.853429
0.853062
0.852818
0.852801
0.852991
0.852936
0.853194
0.853242
0.853348
0.85336
0.853234
0.853181
0.852934
0.85266
0.853019
0.853422
0.853732
0.853937
0.853866
0.853743
0.853578
0.853263
0.853121
0.853606
0.853849
0.854096
0.854559
0.854724
0.854759
0.854414
0.854178
0.854098
0.854285
0.853894
0.85405
0.854452
0.854435
0.854543
0.854338
0.854856
0.854302
0.854726
0.854715
0.854718
0.854778
0.854518
0.85479
0.854636
0.854883
0.855168
0.854983
0.854665
0.854989
0.855134
0.85495
0.854473
0.855004
0.854442
0.854833
0.854758
0.855164
0.855227
0.855646
0.855417
0.85558
0.855402
0.85524
0.855584
0.85567
0.855596
0.855664
0.85549
0.855703
0.855851
0.855639
0.855928
0.855855
0.855599
0.855715
0.856093
0.856474
0.856465
0.856546
0.856007
0.856042
0.855838
0.855429
0.85558
0.855454
0.85543
0.85506
0.855236
0.855738
0.85576
0.856041
0.856089
0.855915
0.85619
0.855856
0.856018
0.855672
0.855353
0.855157
0.855079
0.855
0.855401
0.855702
0.855765
0.855603
0.855874
0.855954
0.85537
0.85551
0.85595
0.856005
0.856019
0.85553
0.855861
0.855946
0.856301
0.856054
0.856308
0.856116
0.855895
0.85555
0.856186
0.856239
0.856059
0.85659
0.856523
0.85685
0.856717
0.856755
0.856643
0.856503
0.856168
0.85625
0.856518
0.85654
0.856616
0.856462
0.856551
0.856574
0.856242
0.856908
0.856762
0.85641
0.856923
0.856999
0.856883
0.857242
0.857318
0.857399
0.856891
0.856986
0.857069
0.85659
0.856522
0.856718
0.856713
0.856845
0.856993
0.857474
0.857387
0.857118
0.857066
0.857214
0.857462
0.85701
0.857198
0.857386
0.857311
0.8573
0.85731
0.857257
0.857179
0.857378
0.857194
0.857138
0.857147
0.856926
0.857012
0.85687
0.856968
0.856774
0.856829
0.856686
0.856809
0.857258
0.857573
0.857133
0.85727
0.857298
0.857163
0.856957
0.856856
0.857514
0.857474
0.857327
0.857427
0.857544
0.857626
0.857538
0.857058
0.857309
0.857582
0.857338
0.857465
0.857223
0.858021
0.858109
0.858549
0.858627
0.85858
0.858501
0.858952
0.859128
0.859236
0.859098
0.859128
0.859278
0.859479
0.85935
0.85931
0.859235
0.859211
0.858741
0.858464
0.858403
0.858521
0.858814
0.85893
0.858998
0.859502
0.859697
0.859758
0.859753
0.859009
0.859268
0.859487
0.859505
0.859754
0.859842
0.859844
0.859689
0.859579
0.860069
0.859769
0.859943
0.859962
0.860048
0.860613
0.860565
0.860231
0.860238
0.860598
0.860193
0.860172
0.860404
0.860502
0.860577
0.860602
0.860671
0.860488
0.861038
0.861241
0.861005
0.860854
0.860698
0.861155
0.861061
0.861249
0.861579
0.861948
0.861872
0.862082
0.861842
0.862165
0.862187
0.86223
0.862168
0.862118
0.862638
0.862573
0.862435
0.862194
0.862607
0.862629
0.862898
0.86219
0.862642
0.86276
0.862783
0.863051
0.863384
0.863242
0.863404
0.863114
0.86318
0.863276
0.863222
0.863349
0.863159
0.862736
0.862855
0.863169
0.863182
0.863406
0.863642
0.863366
0.863558
0.863549
0.863955
0.864064
0.863834
0.863677
0.863686
0.864116
0.864518
0.864308
0.864404
0.864143
0.864183
0.864326
0.864334
0.864649
0.864943
0.864718
0.865018
0.864657
0.863998
0.86439
0.864717
0.864674
0.864751
0.864633
0.864512
0.865106
0.864893
0.864842
0.865097
0.864841
0.865055
0.865024
0.864868
0.864874
0.864786
0.865003
0.865452
0.86548
0.865371
0.86555
0.865399
0.866034
0.866018
0.865738
0.865965
0.865749
0.865612
0.865818
0.865922
0.865942
0.865954
0.866242
0.866182
0.866565
0.866646
0.866418
0.866626
0.866581
0.866458
0.866558
0.866663
0.866478
0.866623
0.866362
0.866266
0.866363
0.866994
0.866913
0.867155
0.867246
0.867536
0.867682
0.867638
0.867593
0.867571
0.867706
0.86787
0.868183
0.867826
0.867993
0.868187
0.868194
0.867895
0.868023
0.867834
0.867482
0.867738
0.867898
0.868079
0.868296
0.868162
0.868108
0.868262
0.868246
0.868554
0.869092
0.868862
0.868743
0.868573
0.868442
0.868406
0.868824
0.869431
0.869486
0.869494
0.86929
0.86958
0.869513
0.869922
0.869938
0.869881
0.87013
0.869806
0.869748
0.869966
0.869756
0.869721
0.869402
0.869269
0.869494
0.869542
0.869587
0.869645
0.869707
0.869278
0.869467
0.869506
0.869381
0.869418
0.869525
0.869818
0.869869
0.869418
0.869265
0.86901
0.868889
0.869106
0.869134
0.86939
0.869999
0.870134
0.870492
0.870583
0.871342
0.871225
0.871346
0.871508
0.871112
0.871017
0.871035
0.870935
0.870866
0.870614
0.870455
0.870705
0.87105
0.87134
0.871108
0.871177
0.871422
0.871573
0.87137
0.871654
0.871537
0.871882
0.87183
0.872061
0.871999
0.872106
0.871998
0.871706
0.871677
0.872233
0.872386
0.872565
0.872779
0.872461
0.872308
0.872054
0.872366
0.872416
0.872327
0.872402
0.872051
0.872127
0.871883
0.872364
0.87233
0.872066
0.872655
0.872618
0.872454
0.872182
0.872203
0.872192
0.872835
0.873044
0.873264
0.873701
0.87349
0.873389
0.873177
0.873689
0.873503
0.873246
0.873506
0.873466
0.873448
0.873522
0.873474
0.873349
0.873403
0.873895
0.873315
0.873277
0.873203
0.873618
0.873646
0.873807
0.873506
0.87392
0.874247
0.874611
0.87379
0.874501
0.874136
0.873902
0.874049
0.874058
0.874245
0.874226
0.874608
0.874976
0.875178
0.874786
0.875056
0.875194
0.875026
0.874486
0.874934
0.875119
0.875248
0.875515
0.875426
0.87529
0.875314
0.875512
0.875009
0.875331
0.875133
0.87508
0.875
0.874922
0.875472
0.875863
0.875842
0.875891
0.875886
0.875654
0.875759
0.875531
0.876025
0.875823
0.875673
0.875658
0.875627
0.875946
0.876426
0.876282
0.876428
0.876578
0.876641
0.876594
0.876321
0.8768
0.87709
0.876983
0.877353
0.877195
0.876742
0.876728
0.876862
0.876904
0.876866
0.877028
0.876727
0.876576
0.876908
0.877098
0.877526
0.87761
0.877602
0.877458
0.877849
0.877848
0.877819
0.877851
0.877719
0.877944
0.877952
0.878258
0.878612
0.878521
0.878202
0.878521
0.878512
0.878592
0.87905
0.879002
0.879275
0.879358
0.879566
0.879174
0.879194
0.879207
0.87948
0.879548
0.879654
0.87967
0.879854
0.880115
0.880279
0.880206
0.880349
0.880186
0.880436
0.880464
0.880514
0.88073
0.880665
0.880616
0.880122
0.880101
0.880006
0.880042
0.880337
0.880312
0.880204
0.879975
0.879926
0.879986
0.880105
0.880211
0.88093
0.880959
0.880633
0.880452
0.879958
0.880373
0.880668
0.880914
0.880886
0.880478
0.88061
0.880494
0.880638
0.880835
0.881032
0.88076
0.880477
0.880692
0.880611
0.88027
0.880496
0.88069
0.880745
0.880955
0.880934
0.881146
0.880606
0.881204
0.881058
0.88082
0.880576
0.880414
0.880578
0.880811
0.881371
0.88096
0.881157
0.881449
0.88167
0.881965
0.88205
0.88196
0.882269
0.882151
0.882218
0.882666
0.882912
0.882579
0.882725
0.882858
0.882722
0.8827
0.882726
0.882504
0.882737
0.882838
0.883103
0.883179
0.883151
0.883218
0.883249
0.883425
0.883773
0.883831
0.883612
0.883642
0.883811
0.883582
0.883508
0.883508
0.883311
0.88332
0.883742
0.883843
0.884266
0.884115
0.884375
0.884642
0.884916
0.884569
0.884361
0.884848
0.885233
0.88461
0.884809
0.884873
0.884817
0.884714
0.885164
0.885425
0.884901
0.885313
0.884827
0.884833
0.884701
0.884606
0.884782
0.885159
0.885299
0.885562
0.885449
0.885425
0.885431
0.885446
0.885262
0.885086
0.885169
0.885198
0.885247
0.885452
0.88573
0.88533
0.885355
0.885434
0.88574
0.885992
0.886121
0.885834
0.886059
0.885834
0.885702
0.885506
0.885711
0.885291
0.885342
0.885721
0.88565
0.885622
0.885959
0.886073
0.885973
0.886058
0.886219
0.886247
0.886299
0.886358
0.886194
0.886231
0.886226
0.886358
0.886375
0.886162
0.886176
0.886703
0.886702
0.887141
0.886727
0.886713
0.886418
0.886919
0.886809
0.886638
0.886605
0.886624
0.886492
0.887066
0.886809
0.886763
0.886936
0.887209
0.887126
0.887334
0.886997
0.887043
0.886919
0.887139
0.887198
0.88749
0.88755
0.887369
0.887119
0.887255
0.88719
0.887219
0.887082
0.887112
0.887428
0.887827
0.887654
0.887788
0.887345
0.887374
0.887261
0.88739
0.886875
0.887042
0.887369
0.88757
0.88829
0.888138
0.88849
0.888642
0.888456
0.88894
0.888559
0.888866
0.888378
0.888489
0.88827
0.88868
0.888486
0.888649
0.888653
0.888656
0.888887
0.888934
0.888772
0.889006
0.888734
0.888742
0.888706
0.888318
0.888879
0.888478
0.888382
0.888738
0.888552
0.888314
0.888469
0.888578
0.888685
0.88887
0.889072
0.889239
0.888847
0.889163
0.88879
0.888924
0.888739
0.8888
0.88987
0.889594
0.889209
0.889007
0.888962
0.888793
0.889321
0.889248
0.889269
0.889255
0.889337
0.88958
0.88974
0.889696
0.889811
0.890099
0.890664
0.890134
0.890018
0.889763
0.889944
0.889973
0.889998
0.889946
0.890512
0.890002
0.890299
0.890323
0.890112
0.890027
0.890358
0.890437
0.890266
0.890199
0.890334
0.890505
0.890914
0.890938
0.891143
0.891222
0.890953
0.891254
0.891225
0.891506
0.891528
0.891485
0.891688
0.891886
0.891846
0.891788
0.892036
0.891768
0.89198
0.89211
0.891892
0.891935
0.891953
0.891822
0.89205
0.892398
0.891893
0.89215
0.892202
0.892223
0.892294
0.892046
0.892075
0.892077
0.891766
0.89233
0.892347
0.892218
0.892746
0.892673
0.892477
0.89249
0.892923
0.892872
0.892945
0.893058
0.893146
0.892901
0.892947
0.892607
0.892511
0.892824
0.892884
0.892859
0.892693
0.892912
0.893401
0.893551
0.893635
0.893719
0.893706
0.893796
0.893662
0.893898
0.893673
0.893881
0.893682
0.893553
0.893779
0.893646
0.893729
0.893883
0.89415
0.893852
0.89463
0.894545
0.894362
0.894601
0.894733
0.894139
0.894048
0.893886
0.894001
0.893902
0.894116
0.894416
0.894452
0.89427
0.894457
0.894618
0.894332
0.894402
0.894836
0.894806
0.894482
0.894614
0.894966
0.894961
0.894766
0.894854
0.894644
0.894986
0.894962
0.894804
0.894657
0.894912
0.894906
0.894951
0.895252
0.895594
0.895791
0.895899
0.895899
0.895308
0.895255
0.895154
0.895149
0.894925
0.895342
0.895361
0.89577
0.895472
0.895359
0.895354
0.895279
0.895866
0.895733
0.895994
0.895882
0.896111
0.896013
0.896482
0.896694
0.896329
0.896338
0.896388
0.895974
0.896053
0.89613
0.89633
0.89625
0.895935
0.89633
0.896002
0.895854
0.896288
0.896409
0.896319
0.896306
0.896253
0.896573
0.896691
0.89687
0.896642
0.896594
0.897071
0.897152
0.896484
0.896442
0.896731
0.896344
0.896242
0.89645
0.896153
0.896662
0.896557
0.89635
0.896828
0.896858
0.896782
0.897074
0.896834
0.897244
0.897442
0.897612
0.897722
0.898222
0.897675
0.897856
0.897776
0.897762
0.897569
0.897688
0.897651
0.897902
0.89777
0.8979
0.897581
0.897709
0.897862
0.89815
0.898115
0.89823
0.898182
0.89825
0.897746
0.897517
0.897967
0.898032
0.898421
0.898666
0.898666
0.89885
0.899298
0.89912
0.899026
0.898611
0.898682
0.898791
0.898739
0.898902
0.898574
0.898434
0.898584
0.898347
0.898763
0.898589
0.898577
0.898627
0.898838
0.899136
0.899309
0.899162
0.899209
0.898997
0.899176
0.899433
0.89935
0.899007
0.898978
0.8995
0.89959
0.899498
0.900089
0.90025
0.89985
0.900154
0.900086
0.899878
0.900198
0.900358
0.90029
0.900062
0.899553
0.899629
0.90007
0.900215
0.900112
0.900031
0.899874
0.900216
0.900211
0.900599
0.900702
0.900699
0.900533
0.900319
0.900352
0.900104
0.900291
0.900442
0.900362
0.90009
0.900543
0.900475
0.900683
0.900837
0.900665
0.900807
0.90116
0.900865
0.900618
0.901091
0.900797
0.900703
0.900701
0.900822
0.90118
0.900958
0.900766
0.900629
0.901034
0.901202
0.90117
0.900954
0.9009
0.901119
0.901302
0.901336
0.901161
0.901342
0.901199
0.901734
0.90202
0.901777
0.901797
0.901734
0.902146
0.901771
0.901777
0.902088
0.90212
0.902113
0.901911
0.901787
0.901857
0.901814
0.901822
0.901606
0.90165
0.901629
0.901354
0.901673
0.90194
0.902546
0.902527
0.902626
0.902679
0.90266
0.90297
0.903045
0.90293
0.903
0.903022
0.903208
0.90303
0.902869
0.903014
0.90295
0.90335
0.903149
0.90262
0.902738
0.902428
0.902581
0.902663
0.902854
0.903099
0.902823
0.902947
0.902801
0.902573
0.902401
0.902574
0.902921
0.903154
0.903117
0.902902
0.902986
0.902906
0.903075
0.903305
0.902762
0.903063
0.903302
0.903671
0.903383
0.903716
0.903657
0.903578
0.904403
0.904252
0.903899
0.903871
0.903726
0.904117
0.903421
0.903832
0.903918
0.903939
0.903931
0.904046
0.90375
0.90399
0.903688
0.903958
0.903894
0.904072
0.903962
0.904238
0.903723
0.903837
0.9041
0.903766
0.903807
0.90367
0.903663
0.903411
0.903678
0.903911
0.903734
0.903894
0.903943
0.903633
0.903564
0.904037
0.903843
0.903818
0.903946
0.904238
0.904131
0.904225
0.904246
0.90485
0.904843
0.904732
0.90503
0.904841
0.904888
0.904653
0.9046
0.904724
0.905061
0.904902
0.905358
0.905421
0.904976
0.905203
0.905219
0.905474
0.90486
0.905243
0.905244
0.905306
0.905526
0.905664
0.905946
0.905663
0.905582
0.905128
0.905321
0.905569
0.905738
0.905675
0.905562
0.905526
0.905995
0.90613
0.905851
0.906423
0.90603
0.90627
0.906116
0.906317
0.906432
0.906596
0.906138
0.906298
0.906133
0.906038
0.905924
0.905897
0.906021
0.906154
0.906434
0.906199
0.906292
0.906055
0.906498
0.906637
0.906182
0.906556
0.906478
0.906517
0.906762
0.90703
0.906974
0.907074
0.906747
0.906832
0.906938
0.907103
0.906871
0.906878
0.906683
0.906638
0.90637
0.906773
0.906981
0.907166
0.906816
0.906942
0.907097
0.907378
0.906854
0.907131
0.907273
0.907185
0.907013
0.907387
0.907008
0.906776
0.906694
0.906982
0.907282
0.907274
0.907137
0.907509
0.907208
0.90729
0.907234
0.907168
0.907397
0.907831
0.907494
0.907803
0.907785
0.907531
0.907469
0.907437
0.907114
0.907383
0.90703
0.906646
0.907302
0.907361
0.907334
0.907476
0.907728
0.907499
0.907346
0.907565
0.907554
0.907436
0.907429
0.907496
0.907374
0.907258
0.907351
0.907833
0.907401
0.907751
0.908107
0.907867
0.908242
0.908317
0.908447
0.90819
0.90832
0.908636
0.908374
0.908457
0.908251
0.908181
0.908339
0.908346
0.908181
0.908123
0.908622
0.908508
0.908567
0.908612
0.908965
0.908852
0.908616
0.908473
0.908267
0.908293
0.908344
0.908299
0.908553
0.90835
0.908166
0.908212
0.908161
0.908062
0.908337
0.908542
0.908625
0.90883
0.908959
0.909147
0.909004
0.909614
0.909702
0.908936
0.909243
0.909137
0.909095
0.909071
0.908915
0.909434
0.90937
0.909446
0.90945
0.909677
0.909941
0.909725
0.909554
0.909913
0.909708
0.90964
0.909829
0.910014
0.910206
0.910272
0.910276
0.91029
0.909885
0.910118
0.909798
0.909741
0.909877
0.909906
0.909998
0.909838
0.909801
0.910112
0.910132
0.909855
0.910198
0.910018
0.909989
0.910058
0.910218
0.910074
0.909692
0.910134
0.910321
0.910186
0.909959
0.910246
0.910054
0.909803
0.90995
0.909862
0.910043
0.910555
0.910742
0.910604
0.910646
0.910306
0.910546
0.910588
0.910555
0.910563
0.91095
0.910865
0.910971
0.910982
0.910598
0.910642
0.91055
0.910173
0.910157
0.910169
0.909856
0.909905
0.91
0.909951
0.909526
0.909998
0.90983
0.910082
0.910066
0.910518
0.910004
0.910307
0.909977
0.910069
0.909881
0.910118
0.910096
0.909915
0.910042
0.90965
0.90985
0.909893
0.910425
0.91053
0.910493
0.91043
0.910494
0.910887
0.910516
0.910824
0.910656
0.910813
0.910997
0.911533
0.911133
0.911127
0.910781
0.910926
0.91117
0.911382
0.911146
0.911603
0.911471
0.911364
0.911196
0.911121
0.91125
0.911461
0.911129
0.911385
0.911617
0.911539
0.911506
0.911466
0.911352
0.911004
0.910992
0.911358
0.911139
0.911651
0.912321
0.912134
0.911673
0.911275
0.911263
0.911093
0.911014
0.911146
0.911045
0.911043
0.911422
0.91147
0.911558
0.911678
0.912084
0.911982
0.91167
0.911766
0.91153
0.911567
0.912263
0.9119
0.912014
0.912074
0.912026
0.912057
0.912161
0.912334
0.912256
0.912142
0.912378
0.912394
0.912409
0.91262
0.912867
0.912716
0.912501
0.912442
0.912214
0.912658
0.912719
0.91289
0.912759
0.91285
0.912681
0.912906
0.913031
0.912808
0.91286
0.912712
0.912614
0.912469
0.912551
0.912767
0.912737
0.912782
0.91303
0.913038
0.913136
0.913118
0.912625
0.91279
0.913179
0.913325
0.913211
0.913262
0.913254
0.91329
0.913126
0.913563
0.913685
0.913413
0.913152
0.912874
0.913032
0.913204
0.91348
0.913428
0.913747
0.913562
0.913844
0.914178
0.913905
0.913497
0.913689
0.913914
0.914181
0.914074
0.913706
0.913938
0.914176
0.914247
0.914474
0.914702
0.914722
0.914843
0.914561
0.91459
0.914598
0.91459
0.914836
0.915274
0.91514
0.914954
0.914924
0.91492
0.914785
0.914891
0.914875
0.914942
0.914691
0.91483
0.914782
0.914629
0.914685
0.914412
0.914563
0.914817
0.915024
0.914818
0.915003
0.915168
0.915189
0.915088
0.914845
0.915054
0.91481
0.914852
0.914906
0.915096
0.915011
0.915134
0.914959
0.914701
0.914786
0.914689
0.914646
0.914773
0.915282
0.915438
0.915572
0.915414
0.915581
0.915421
0.914998
0.915008
0.915113
0.915099
0.915131
0.91533
0.91517
0.915122
0.915442
0.915526
0.915306
0.91563
0.915398
0.915382
0.915304
0.915426
0.91561
0.915514
0.91538
0.915771
0.916289
0.916288
0.916296
0.915984
0.915666
0.915195
0.915558
0.915853
0.916054
0.916026
0.915722
0.916052
0.915409
0.915688
0.915798
0.915807
0.915888
0.916325
0.916192
0.91613
0.916427
0.916316
0.916206
0.916329
0.91597
0.915991
0.916226
0.916045
0.916146
0.916206
0.915802
0.916086
0.915458
0.915669
0.915914
0.915491
0.915903
0.91615
0.916062
0.916194
0.916262
0.916319
0.916536
0.916671
0.916878
0.916786
0.916811
0.916881
0.916973
0.916575
0.916882
0.916699
0.916512
0.916826
0.916617
0.916355
0.916718
0.916629
0.91668
0.91683
0.916877
0.916828
0.91692
0.917164
0.917511
0.917548
0.917646
0.917686
0.917701
0.917537
0.917243
0.91729
0.917578
0.917661
0.917523
0.917646
0.917335
0.917666
0.918047
0.918176
0.918288
0.918274
0.917866
0.917818
0.917641
0.918012
0.917974
0.918153
0.918327
0.918246
0.918563
0.918548
0.918644
0.918658
0.918561
0.918477
0.918216
0.918901
0.918814
0.918769
0.918764
0.918854
0.918777
0.918838
0.918766
0.918882
0.919036
0.919365
0.919399
0.919441
0.918856
0.919127
0.919135
0.918883
0.919251
0.918956
0.918454
0.918587
0.918703
0.918564
0.918765
0.919145
0.919296
0.919525
0.919737
0.919724
0.919534
0.919141
0.91929
0.919434
0.919526
0.919283
0.919335
0.919494
0.919511
0.919899
0.919673
0.919297
0.919738
0.919467
0.919735
0.91976
0.919723
0.919938
0.920162
0.919807
0.919932
0.9198
0.92011
0.920213
0.919907
0.920302
0.920398
0.920491
0.92044
0.920038
0.919998
0.92025
0.920578
0.920286
0.920169
0.920378
0.920791
0.920886
0.920574
0.920698
0.920503
0.920562
0.92022
0.920117
0.919966
0.920089
0.920142
0.920362
0.920163
0.920334
0.920015
0.919905
0.920127
0.919879
0.920001
0.919963
0.919543
0.91985
0.920005
0.919956
0.92039
0.92083
0.920951
0.921116
0.921066
0.920742
0.92103
0.920944
0.92095
0.921209
0.921848
0.922042
0.922032
0.921728
0.921826
0.922357
0.922077
0.921854
0.921695
0.921403
0.921753
0.92183
0.921485
0.921458
0.92145
0.921449
0.921379
0.921703
0.921875
0.921662
0.921476
0.921662
0.921686
0.922038
0.922053
0.922118
0.922255
0.922569
0.922621
0.921706
0.921949
0.922307
0.922394
0.922382
0.922189
0.922761
0.922106
0.9226
0.922504
0.922656
0.922912
0.923042
0.923312
0.923154
0.923397
0.92343
0.92324
0.923022
0.923403
0.923147
0.923011
0.922857
0.922625
0.923133
0.923257
0.923518
0.923014
0.922719
0.922442
0.922592
0.922724
0.922957
0.922633
0.92253
0.922533
0.922557
0.922642
0.923032
0.923598
0.923262
0.922995
0.922987
0.923001
0.922828
0.922919
0.922806
0.922638
0.922828
0.923101
0.922653
0.922714
0.922646
0.922789
0.9225
0.922539
0.922819
0.922748
0.922747
0.922958
0.922842
0.923066
0.923315
0.923101
0.923424
0.923542
0.923552
0.923465
0.923627
0.92354
0.923285
0.922916
0.923149
0.923126
0.923188
0.92345
0.923368
0.923604
0.923527
0.923732
0.923583
0.923001
0.923167
0.92345
0.923391
0.923394
0.923403
0.923264
0.923414
0.923562
0.923686
0.923881
0.92381
0.924184
0.923878
0.923898
0.923981
0.9238
0.923767
0.923774
0.923942
0.924248
0.923931
0.92365
0.923738
0.924147
0.924012
0.923923
0.924391
0.924262
0.924161
0.923795
0.923774
0.923846
0.923746
0.923646
0.923866
0.92438
0.924623
0.924617
0.924761
0.924777
0.92467
0.924625
0.924744
0.924522
0.924153
0.92431
0.924478
0.92455
0.924681
0.924816
0.924706
0.924867
0.924907
0.924702
0.925071
0.925234
0.925181
0.92515
0.925154
0.925134
0.925003
0.924949
0.924813
0.924952
0.924714
0.925147
0.924982
0.925003
0.92528
0.925591
0.925788
0.925614
0.925418
0.925481
0.925418
0.925527
0.925248
0.924902
0.925428
0.925382
0.925547
0.925295
0.925222
0.925234
0.925596
0.925643
0.926206
0.926395
0.926095
0.92605
0.926285
0.925889
0.926003
0.925965
0.925922
0.926238
0.92611
0.926808
0.926558
0.926612
0.926786
0.926423
0.92625
0.925999
0.926016
0.926142
0.926148
0.925968
0.926087
0.926461
0.926452
0.926075
0.926082
0.926151
0.926103
0.92627
0.926119
0.925994
0.926369
0.926193
0.926194
0.926146
0.926486
0.92668
0.926451
0.9269
0.926934
0.926964
0.926964
0.927036
0.926958
0.926563
0.926707
0.926841
0.927126
0.926885
0.926874
0.927434
0.927385
0.927488
0.927338
0.927004
0.92709
0.927328
0.927277
0.927103
0.92694
0.927241
0.927416
0.927739
0.927446
0.927512
0.927554
0.927385
0.927161
0.927766
0.927577
0.92757
0.927604
0.928146
0.927973
0.927954
0.928027
0.927817
0.927585
0.927512
0.927174
0.927074
0.927218
0.927654
0.927546
0.927694
0.927226
0.927538
0.927499
0.927016
0.926873
0.926883
0.927296
0.927139
0.927279
0.927501
0.928004
0.927618
0.928107
0.927735
0.927538
0.927692
0.927446
0.927601
0.927727
0.927954
0.927965
0.927637
0.927826
0.92755
0.927686
0.928318
0.928018
0.927862
0.927994
0.927902
0.927851
0.927789
0.928065
0.928324
0.928306
0.928638
0.928738
0.928742
0.928238
0.927961
0.928238
0.928356
0.928106
0.928176
0.928317
0.928577
0.928786
0.928512
0.928658
0.92863
0.928662
0.928564
0.928858
0.928046
0.928139
0.928368
0.928634
0.92831
0.928565
0.9283
0.928149
0.928558
0.928623
0.928625
0.928833
0.928914
0.92873
0.929162
0.929418
0.929433
0.928981
0.928732
0.929146
0.928956
0.929406
0.929288
0.929229
0.929364
0.928847
0.928626
0.928758
0.928465
0.928701
0.929034
0.929002
0.929002
0.92889
0.928574
0.928289
0.928371
0.928514
0.928452
0.928434
0.928567
0.928863
0.928648
0.928411
0.928248
0.928532
0.928665
0.92846
0.927867
0.928138
0.928342
0.929075
0.92905
0.928829
0.929
0.929177
0.92904
0.928863
0.928828
0.928949
0.928623
0.929002
0.928846
0.928859
0.928918
0.92866
0.92876
0.928225
0.92853
0.928655
0.928746
0.928768
0.928276
0.928226
0.928374
0.928529
0.928774
0.928619
0.928438
0.928202
0.928474
0.928562
0.929038
0.929254
0.92914
0.929634
0.92986
0.929493
0.929285
0.929417
0.929254
0.929189
0.929301
0.929354
0.929192
0.928874
0.928718
0.92891
0.928848
0.928679
0.928941
0.928866
0.928959
0.929004
0.929119
0.928882
0.928551
0.928601
0.928946
0.929158
0.929286
0.92935
0.929289
0.929243
0.92901
0.92883
0.928834
0.929275
0.929231
0.929108
0.928903
0.92906
0.929376
0.929234
0.929365
0.929477
0.929071
0.92881
0.928592
0.928176
0.928427
0.92863
0.928794
0.928214
0.928283
0.929002
0.928834
0.929011
0.92894
0.929127
0.929368
0.92881
0.928822
0.928566
0.928614
0.928986
0.929285
0.92875
0.929171
0.928821
0.92893
0.928874
0.928979
0.929381
0.929449
0.929339
0.92962
0.929697
0.929465
0.9295
0.92948
0.929285
0.929079
0.929331
0.929601
0.929714
0.929518
0.929276
0.929029
0.929098
0.92913
0.929266
0.929034
0.928958
0.928787
0.928906
0.928875
0.929198
0.929162
0.929029
0.92907
0.928744
0.928896
0.92897
0.929018
0.929241
0.929295
0.929344
0.929454
0.929468
0.929814
0.929654
0.930198
0.929548
0.92936
0.929371
0.928986
0.929159
0.929375
0.929334
0.929245
0.929295
0.929174
0.929258
0.929483
0.929603
0.929394
0.930134
0.930106
0.930307
0.929928
0.930134
0.929863
0.930197
0.929402
0.929358
0.929742
0.93002
0.929974
0.930321
0.929894
0.930011
0.929953
0.929751
0.929921
0.93014
0.930078
0.930224
0.930233
0.930182
0.930287
0.929881
0.929749
0.929925
0.929986
0.929706
0.929865
0.929839
0.929988
0.930228
0.93011
0.929998
0.92983
0.929585
0.929694
0.929944
0.930157
0.929485
0.929907
0.929914
0.930062
0.929982
0.929783
0.929853
0.930029
0.929874
0.929851
0.92988
0.929964
0.929997
0.929677
0.929837
0.929789
0.92985
0.92971
0.929969
0.93
0.929713
0.930038
0.930089
0.929979
0.929987
0.929829
0.930153
0.930186
0.930162
0.930038
0.930106
0.930095
0.930235
0.93044
0.930798
0.930894
0.930882
0.930939
0.930718
0.930663
0.930661
0.930524
0.930524
0.930786
0.930901
0.930491
0.930961
0.93063
0.930484
0.930123
0.93033
0.930906
0.931062
0.930944
0.930896
0.930751
0.930625
0.93029
0.930558
0.930821
0.930723
0.931071
0.931038
0.930979
0.931033
0.931194
0.931043
0.931088
0.931002
0.931142
0.931671
0.931428
0.931758
0.931638
0.931666
0.931902
0.931785
0.931591
0.931701
0.931962
0.93199
0.931781
0.931924
0.931732
0.931474
0.931651
0.931483
0.931689
0.931586
0.931647
0.93125
0.931509
0.931178
0.931351
0.931586
0.931563
0.931755
0.931682
0.931606
0.931761
0.931932
0.93224
0.932082
0.931705
0.931842
0.931795
0.931829
0.932244
0.932511
0.93215
0.932175
0.932457
0.932176
0.932105
0.932335
0.932208
0.932162
0.932098
0.931777
0.931906
0.931849
0.932334
0.932317
0.93262
0.932794
0.932582
0.932312
0.932226
0.932215
0.931923
0.931781
0.932556
0.9327
0.932886
0.932686
0.932617
0.932829
0.932895
0.93258
0.932514
0.932212
0.932322
0.932487
0.932651
0.932911
0.933162
0.933098
0.933586
0.93377
0.933608
0.93366
0.934062
0.934049
0.934202
0.933982
0.934175
0.933791
0.933497
0.933471
0.933533
0.933401
0.933566
0.93307
0.933403
0.933633
0.933896
0.933275
0.933451
0.933778
0.933866
0.93354
0.933479
0.933305
0.933236
0.933577
0.933072
0.933212
0.933118
0.932916
0.933286
0.933203
0.933496
0.933077
0.93331
0.933514
0.93382
0.933746
0.933747
0.933847
0.933908
0.933664
0.933586
0.933612
0.933898
0.934136
0.933879
0.933816
0.934366
0.934221
0.933928
0.93401
0.93377
0.933755
0.934021
0.933974
0.934058
0.933688
0.934067
0.933789
0.934354
0.934345
0.934223
0.934024
0.93409
0.93379
0.934039
0.934084
0.933614
0.933867
0.933826
0.93397
0.933671
0.933658
0.933999
0.93375
0.934008
0.934178
0.93396
0.93413
0.934042
0.934018
0.934308
0.934389
0.934278
0.934519
0.934099
0.934007
0.934398
0.933812
0.934107
0.934265
0.93406
0.934315
0.934101
0.934262
0.934694
0.934534
0.934277
0.934255
0.934234
0.934024
0.933917
0.934219
0.934238
0.934765
0.934687
0.934744
0.934282
0.934054
0.934005
0.933792
0.933875
0.93427
0.934052
0.934058
0.933842
0.93373
0.933758
0.934158
0.934318
0.934342
0.934844
0.935231
0.934802
0.934572
0.934687
0.934927
0.934588
0.934698
0.934894
0.934644
0.93433
0.934334
0.934342
0.934114
0.934238
0.93411
0.934008
0.934078
0.934375
0.934066
0.9341
0.934446
0.934457
0.934478
0.934365
0.93427
0.93433
0.934242
0.934086
0.934255
0.934152
0.93426
0.934657
0.934586
0.934398
0.934791
0.934522
0.934367
0.934265
0.934522
0.934468
0.934754
0.93483
0.934778
0.93491
0.935206
0.934899
0.934775
0.934681
0.935002
0.935103
0.934892
0.935169
0.934746
0.934571
0.93481
0.934962
0.935286
0.93476
0.934842
0.93505
0.934946
0.935314
0.93551
0.935291
0.935206
0.934887
0.934754
0.934857
0.934878
0.934966
0.934486
0.934245
0.934486
0.934621
0.934757
0.934621
0.934613
0.934695
0.935133
0.934684
0.934799
0.934697
0.934878
0.935137
0.935252
0.934943
0.93488
0.935066
0.935154
0.934693
0.934987
0.935021
0.935222
0.934822
0.934948
0.935166
0.934867
0.934978
0.93483
0.934998
0.935113
0.934901
0.934931
0.934801
0.934924
0.935068
0.934692
0.934918
0.934679
0.934998
0.935269
0.935438
0.935511
0.935258
0.935363
0.934859
0.935102
0.93521
0.935085
0.935047
0.935546
0.935501
0.935346
0.935386
0.935368
0.935287
0.935446
0.935696
0.935515
0.935281
0.93495
0.935326
0.93539
0.935298
0.935139
0.935514
0.935551
0.935408
0.935286
0.935379
0.935001
0.935026
0.935392
0.935112
0.935062
0.935195
0.935264
0.934806
0.934651
0.934983
0.934906
0.935139
0.935101
0.935289
0.935057
0.934843
0.934832
0.935273
0.935071
0.935019
0.93498
0.935364
0.935315
0.935242
0.935379
0.934798
0.935008
0.935074
0.934898
0.934934
0.935134
0.935186
0.935312
0.935391
0.935155
0.935051
0.935125
0.935172
0.935089
0.935022
0.935106
0.935104
0.934751
0.935113
0.935256
0.935308
0.935265
0.935152
0.934907
0.935199
0.935679
0.935332
0.935355
0.93526
0.935322
0.934899
0.935029
0.934957
0.934682
0.934406
0.934648
0.934707
0.934606
0.934316
0.934846
0.934771
0.935006
0.934986
0.934934
0.93479
0.934859
0.934887
0.935194
0.934926
0.935215
0.935009
0.935216
0.934804
0.934736
0.934545
0.934856
0.93523
0.93525
0.935131
0.934928
0.93478
0.934786
0.934772
0.934946
0.934862
0.934682
0.934454
0.934306
0.934167
0.934866
0.934852
0.935309
0.935428
0.93554
0.935457
0.935242
0.935529
0.935417
0.935673
0.935434
0.935886
0.935769
0.935515
0.935436
0.935314
0.934765
0.934455
0.934267
0.93458
0.934459
0.93501
0.93525
0.935371
0.935482
0.935657
0.935533
0.935718
0.935968
0.93591
0.935569
0.936041
0.935734
0.935756
0.93605
0.936286
0.936293
0.93656
0.935986
0.936338
0.93627
0.935939
0.93561
0.935325
0.935049
0.935474
0.935911
0.93575
0.936134
0.936039
0.936002
0.936327
0.935542
0.935649
0.935818
0.935736
0.935643
0.93601
0.936165
0.936278
0.936517
0.936438
0.936492
0.936449
0.936393
0.93667
0.936678
0.93681
0.936674
0.936683
0.936698
0.936721
0.936663
0.936147
0.936242
0.936512
0.936562
0.936782
0.936422
0.93666
0.936421
0.93671
0.936919
0.936485
0.936703
0.936462
0.936735
0.93625
0.93639
0.936397
0.935925
0.935983
0.935943
0.936408
0.936276
0.935845
0.935615
0.935398
0.935854
0.935805
0.93625
0.93639
0.936697
0.936671
0.936429
0.936402
0.936518
0.935971
0.936139
0.936208
0.93649
0.936619
0.936568
0.936395
0.936242
0.93641
0.936236
0.936036
0.936319
0.936066
0.936236
0.936562
0.936599
0.936335
0.936306
0.93639
0.93653
0.936351
0.936776
0.936862
0.936434
0.936273
0.936424
0.936606
0.936726
0.936744
0.937044
0.937106
0.936894
0.936945
0.936984
0.93695
0.937322
0.937402
0.937183
0.937222
0.936894
0.936958
0.936892
0.937021
0.9372
0.93703
0.937288
0.937562
0.937039
0.937137
0.937321
0.93732
0.937658
0.937361
0.937471
0.937394
0.937406
0.937431
0.936989
0.936905
0.936906
0.936943
0.936656
0.936945
0.93743
0.937593
0.93721
0.937027
0.936803
0.93658
0.936728
0.936949
0.936886
0.937189
0.937118
0.93677
0.936845
0.93709
0.937426
0.937306
0.93727
0.937518
0.937103
0.937279
0.937362
0.937377
0.937292
0.937828
0.937588
0.937447
0.937532
0.937304
0.936839
0.937113
0.937478
0.937426
0.937349
0.936907
0.937027
0.937555
0.937048
0.937361
0.93712
0.936882
0.937089
0.937393
0.937455
0.937156
0.937059
0.937221
0.936947
0.936994
0.937383
0.937398
0.937494
0.937412
0.937553
0.937644
0.937574
0.937783
0.937845
0.937566
0.93778
0.937711
0.937488
0.93769
0.93747
0.937344
0.937244
0.937204
0.93729
0.937188
0.937287
0.937162
0.937104
0.937267
0.937374
0.937298
0.93755
0.93747
0.937387
0.937106
0.937005
0.937046
0.937473
0.937699
0.937712
0.937457
0.937447
0.937394
0.937212
0.937818
0.937486
0.937461
0.937386
0.937414
0.937594
0.93771
0.937505
0.937493
0.937429
0.937538
0.937746
0.937925
0.93767
0.937431
0.937559
0.93769
0.937479
0.937425
0.937352
0.937541
0.937776
0.93724
0.937491
0.937743
0.937928
0.93736
0.937289
0.937178
0.937211
0.936826
0.937107
0.937204
0.937102
0.937261
0.937082
0.936715
0.936717
0.93717
0.937203
0.937389
0.937486
0.93766
0.937327
0.937494
0.937276
0.937188
0.937656
0.937658
0.937932
0.937664
0.937912
0.937765
0.937695
0.937656
0.93794
0.937773
0.937722
0.938241
0.937694
0.937652
0.938002
0.938198
0.937902
0.937841
0.937724
0.937881
0.93766
0.937896
0.938291
0.938126
0.937611
0.9373
0.937454
0.937643
0.937377
0.937309
0.937525
0.937888
0.937966
0.938163
0.937822
0.938088
0.938101
0.938205
0.938768
0.938682
0.938479
0.938477
0.938262
0.93834
0.938412
0.938594
0.938578
0.938174
0.937962
0.937906
0.937748
0.938163
0.937937
0.9377
0.938262
0.937818
0.937742
0.93763
0.937806
0.937838
0.937882
0.937618
0.938187
0.93807
0.938102
0.93819
0.938285
0.938018
0.938563
0.938615
0.938108
0.938579
0.938082
0.938026
0.937878
0.937855
0.938343
0.938194
0.938059
0.937558
0.937259
0.937363
0.93743
0.937776
0.937707
0.93759
0.937845
0.938038
0.937759
0.937914
0.938158
0.938082
0.937756
0.937708
0.937639
0.937821
0.937688
0.937923
0.937622
0.937622
0.93769
0.937807
0.937951
0.937776
0.937765
0.938349
0.938369
0.938304
0.938202
0.938214
0.938109
0.938292
0.937754
0.937935
0.93819
0.938226
0.938462
0.93838
0.938744
0.93777
0.937882
0.937836
0.937893
0.938151
0.938204
0.937976
0.938797
0.938278
0.938312
0.938342
0.938326
0.938126
0.93811
0.93793
0.938135
0.938454
0.9386
0.938413
0.938492
0.938424
0.938437
0.938518
0.93837
0.938329
0.938733
0.93875
0.938552
0.93869
0.938629
0.938286
0.938254
0.938145
0.937964
0.938508
0.938755
0.938949
0.938867
0.938841
0.938537
0.93863
0.938717
0.938669
0.938954
0.939185
0.938947
0.93874
0.938754
0.93899
0.93884
0.93901
0.93892
0.938933
0.938487
0.938428
0.938612
0.938751
0.93863
0.938473
0.938287
0.938574
0.938398
0.938268
0.938462
0.938561
0.938712
0.938694
0.938826
0.938563
0.938904
0.938652
0.939043
0.938838
0.93905
0.938695
0.93868
0.938493
0.938107
0.938038
0.938167
0.938108
0.938143
0.938142
0.938451
0.937944
0.938029
0.938059
0.938481
0.938997
0.938927
0.938766
0.938308
0.938491
0.938606
0.938528
0.938322
0.938605
0.93852
0.938271
0.938285
0.938213
0.938039
0.938253
0.938031
0.93845
0.938576
0.938142
0.938504
0.938694
0.938598
0.938492
0.938858
0.93878
0.93885
0.938855
0.939216
0.939219
0.939224
0.939311
0.939306
0.939109
0.939134
0.939416
0.939464
0.939184
0.939141
0.939086
0.939062
0.93873
0.938262
0.938398
0.938374
0.938482
0.938634
0.938947
0.939278
0.939258
0.939128
0.939333
0.939788
0.93904
0.938933
0.938796
0.938587
0.938822
0.938974
0.938874
0.938981
0.93891
0.938938
0.938788
0.938831
0.938599
0.938627
0.938874
0.939153
0.939558
0.9394
0.939663
0.939722
0.939702
0.939737
0.939727
0.939483
0.939395
0.939526
0.939434
0.939336
0.939213
0.939113
0.939189
0.939165
0.939203
0.939163
0.939209
0.93947
0.939378
0.939139
0.939091
0.939295
0.940082
0.939763
0.939876
0.939841
0.93961
0.939674
0.939209
0.939282
0.939238
0.939315
0.938795
0.939021
0.939095
0.939023
0.939518
0.939386
0.93934
0.9397
0.939882
0.940165
0.940114
0.940437
0.940043
0.940118
0.940157
0.940069
0.939745
0.940146
0.94024
0.940176
0.940474
0.940159
0.940075
0.939807
0.939862
0.940114
0.940169
0.94036
0.939912
0.94008
0.940226
0.940116
0.939767
0.939568
0.93966
0.939758
0.939722
0.939741
0.940183
0.940377
0.940226
0.94051
0.940259
0.94001
0.940006
0.939937
0.939862
0.939773
0.939829
0.939889
0.939823
0.93963
0.939674
0.939957
0.940028
0.940207
0.940358
0.940165
0.940492
0.940349
0.940542
0.940236
0.940343
0.940362
0.940332
0.94018
0.940374
0.940198
0.940101
0.940428
0.94026
0.940369
0.940708
0.940679
0.940294
0.940364
0.940523
0.940425
0.940404
0.940152
0.940465
0.940007
0.940179
0.940295
0.940601
0.940247
0.940305
0.940224
0.940126
0.940009
0.940494
0.940343
0.940426
0.940256
0.940187
0.940241
0.940146
0.939768
0.94003
0.940338
0.940478
0.940506
0.941078
0.941165
0.94098
0.940535
0.940804
0.940712
0.940885
0.940861
0.941054
0.941008
0.940689
0.940474
0.940662
0.940783
0.941156
0.940994
0.940943
0.940958
0.941033
0.941086
0.941135
0.940755
0.940748
0.940638
0.94056
0.94065
0.940987
0.94105
0.940956
0.941144
0.941325
0.941154
0.941149
0.940968
0.941026
0.940778
0.94083
0.940783
0.940641
0.940782
0.941194
0.941439
0.941606
0.941266
0.94131
0.94123
0.941276
0.941319
0.941771
0.941878
0.942006
0.941473
0.941403
0.941605
0.940837
0.940556
0.940897
0.941477
0.941909
0.942082
0.942021
0.941728
0.941814
0.941694
0.941609
0.941301
0.941358
0.941379
0.941627
0.941261
0.941078
0.941204
0.940868
0.940954
0.941482
0.941586
0.941671
0.941659
0.941898
0.942011
0.942186
0.941628
0.941446
0.941586
0.941657
0.941494
0.941306
0.941088
0.941226
0.941053
0.940859
0.941501
0.941386
0.941482
0.941662
0.941757
0.941514
0.941575
0.941384
0.941268
0.941655
0.941146
0.940966
0.941126
0.941526
0.94137
0.941191
0.940678
0.940933
0.9408
0.940774
0.941201
0.941178
0.941207
0.940964
0.940902
0.94063
0.940635
0.940641
0.94099
0.941124
0.941367
0.941101
0.941338
0.941523
0.941293
0.941347
0.94145
0.9412
0.941022
0.941061
0.941306
0.941079
0.941246
0.941177
0.940914
0.941441
0.941206
0.941164
0.941301
0.941095
0.941375
0.941406
0.941365
0.941405
0.941146
0.941334
0.941501
0.941514
0.94134
0.941492
0.941294
0.94116
0.941384
0.941392
0.941106
0.941314
0.941557
0.941716
0.941618
0.941891
0.941678
0.941842
0.941755
0.942053
0.941888
0.941737
0.941681
0.941953
0.941817
0.94141
0.941301
0.94104
0.940978
0.94119
0.941178
0.941726
0.94161
0.941433
0.941751
0.941596
0.941822
0.94189
0.941742
0.9414
0.941362
0.941804
0.941506
0.941887
0.941785
0.941829
0.9418
0.942018
0.941819
0.942014
0.941436
0.941641
0.941893
0.941718
0.94137
0.941601
0.9416
0.941486
0.9415
0.94143
0.941779
0.941338
0.9415
0.94166
0.941526
0.941886
0.941656
0.941637
0.941595
0.941663
0.94202
0.94144
0.941498
0.941878
0.94199
0.941862
0.941438
0.941458
0.941047
0.94096
0.940992
0.941147
0.940944
0.94178
0.941691
0.941721
0.94182
0.941546
0.940914
0.941115
0.941428
0.941496
0.941211
0.941069
0.941298
0.940874
0.941102
0.941491
0.941641
0.941778
0.941396
0.941548
0.941818
0.94173
0.941898
0.941849
0.94193
0.941649
0.941742
0.941618
0.941835
0.941718
0.941792
0.94193
0.941966
0.94232
0.942078
0.941902
0.941597
0.942162
0.942115
0.942114
0.942216
0.941641
0.941471
0.941563
0.942046
0.94201
0.94155
0.941258
0.941463
0.941469
0.941768
0.941702
0.941856
0.94171
0.941635
0.941061
0.941018
0.941126
0.941005
0.941407
0.941605
0.941821
0.942069
0.941564
0.941771
0.941586
0.94165
0.94144
0.94165
0.942001
0.942026
0.941765
0.941923
0.941534
0.941836
0.941681
0.94167
0.941618
0.941695
0.94194
0.941774
0.94149
0.941573
0.941293
0.941492
0.941413
0.941874
0.941526
0.941642
0.941855
0.942018
0.941913
0.942099
0.942035
0.942016
0.942218
0.942432
0.942222
0.942036
0.942054
0.942107
0.942268
0.942066
0.94255
0.942453
0.942328
0.942369
0.942012
0.942662
0.942212
0.942187
0.942195
0.9423
0.942368
0.942139
0.941918
0.942216
0.942274
0.942058
0.942214
0.941903
0.942118
0.941941
0.942012
0.942168
0.942127
0.942136
0.942372
0.942557
0.942594
0.942443
0.942374
0.942699
0.942332
0.942193
0.942746
0.942884
0.942634
0.942691
0.942167
0.942278
0.942634
0.942555
0.94297
0.942796
0.94245
0.942793
0.942454
0.942654
0.942526
0.94248
0.942505
0.942557
0.942339
0.942229
0.942261
0.94281
0.943037
0.942979
0.942806
0.942976
0.942649
0.942965
0.943213
0.943242
0.94277
0.942933
0.942891
0.942921
0.942618
0.942652
0.942394
0.942933
0.942778
0.942646
0.943105
0.943114
0.943175
0.943103
0.942755
0.942623
0.943026
0.94275
0.942557
0.942567
0.942712
0.942396
0.942239
0.94269
0.942521
0.942638
0.94267
0.943095
0.943019
0.9434
0.943139
0.943394
0.943022
0.943028
0.942764
0.943222
0.943204
0.942995
0.943102
0.943358
0.943384
0.942846
0.94294
0.943056
0.943209
0.942826
0.9426
0.942874
0.942457
0.942556
0.942754
0.942626
0.942731
0.942726
0.942782
0.942814
0.942814
0.942814
0.942994
0.942869
0.942859
0.942978
0.942763
0.94256
0.942918
0.942944
0.942998
0.943226
0.942734
0.942694
0.942642
0.942698
0.942994
0.942994
0.943061
0.943049
0.943066
0.943026
0.943074
0.942906
0.943043
0.943065
0.94335
0.943674
0.943604
0.943428
0.943159
0.943057
0.94339
0.943482
0.943791
0.94367
0.943662
0.943616
0.944172
0.944039
0.943689
0.943426
0.943959
0.944271
0.943999
0.944082
0.94384
0.943562
0.943963
0.943645
0.943444
0.943174
0.943234
0.942789
0.942805
0.94293
0.943216
0.943254
0.943214
0.943242
0.943064
0.943275
0.943093
0.943497
0.943162
0.94315
0.943056
0.943575
0.943585
0.943098
0.943046
0.94334
0.943457
0.943691
0.94356
0.943575
0.943517
0.943306
0.943344
0.94391
0.943463
0.94345
0.943884
0.944042
0.944068
0.944112
0.943631
0.943332
0.943487
0.943506
0.944158
0.944094
0.944046
0.943582
0.943109
0.943452
0.943456
0.943598
0.943497
0.943446
0.943936
0.943936
0.943692
0.94389
0.943777
0.944032
0.943641
0.943242
0.943442
0.943262
0.943455
0.943317
0.943071
0.94351
0.943268
0.943611
0.943902
0.944004
0.944066
0.943957
0.94372
0.943748
0.943878
0.943841
0.94402
0.943858
0.943674
0.943763
0.943527
0.943511
0.943407
0.943331
0.943401
0.943171
0.943282
0.943845
0.943688
0.94315
0.94339
0.94316
0.94373
0.943614
0.943806
0.943769
0.94383
0.943778
0.943543
0.943302
0.943346
0.943403
0.943601
0.94377
0.943671
0.943467
0.943833
0.94401
0.944228
0.943653
0.943767
0.943914
0.94369
0.943822
0.943681
0.943506
0.943662
0.943727
0.943385
0.943686
0.943851
0.943925
0.944004
0.943765
0.94397
0.943585
0.94373
0.944058
0.944189
0.944128
0.944066
0.94413
0.943853
0.943988
0.944101
0.943686
0.943958
0.943802
0.944045
0.944201
0.944532
0.944176
0.944446
0.944178
0.944294
0.9447
0.94439
0.944468
0.944406
0.944324
0.944114
0.944338
0.944313
0.944351
0.944219
0.944326
0.944539
0.944289
0.944381
0.944504
0.944178
0.94397
0.943587
0.943812
0.944146
0.944222
0.944105
0.943879
0.944058
0.943858
0.944061
0.943994
0.943599
0.943811
0.944195
0.944544
0.94425
0.94409
0.944003
0.943975
0.944504
0.944574
0.944551
0.944427
0.944474
0.944384
0.944187
0.944026
0.943741
0.94405
0.943686
0.943497
0.943944
0.943963
0.944043
0.944211
0.94384
0.943733
0.943773
0.943433
0.943704
0.94392
0.94367
0.943612
0.943607
0.943976
0.944117
0.944267
0.944203
0.943814
0.943592
0.943867
0.944074
0.944089
0.943973
0.944042
0.944187
0.944322
0.944339
0.943832
0.943451
0.943957
0.943863
0.94407
0.944091
0.944493
0.943933
0.944357
0.944417
0.944346
0.944506
0.944228
0.943896
0.94387
0.943862
0.94446
0.944178
0.944078
0.944386
0.944145
0.944695
0.944363
0.94425
0.944226
0.94451
0.944502
0.944678
0.944329
0.943965
0.944135
0.944413
0.944424
0.944569
0.944049
0.944408
0.944011
0.944192
0.944036
0.944116
0.94413
0.943928
0.943986
0.944468
0.944798
0.944544
0.944388
0.944823
0.944594
0.944341
0.94426
0.944243
0.944134
0.944023
0.943952
0.944266
0.944438
0.944131
0.944113
0.943894
0.944031
0.94395
0.944152
0.944086
0.944046
0.944134
0.943744
0.943976
0.944362
0.944198
0.944283
0.94436
0.944304
0.944426
0.944494
0.944368
0.944533
0.944184
0.943877
0.944011
0.944154
0.944214
0.944266
0.944328
0.94421
0.943848
0.944069
0.94409
0.943889
0.943629
0.944094
0.944277
0.944374
0.944312
0.943827
0.94398
0.94396
0.943912
0.94449
0.944069
0.943545
0.943843
0.943875
0.944124
0.944266
0.944398
0.944351
0.944562
0.944772
0.944612
0.944625
0.94457
0.944731
0.944678
0.944831
0.944634
0.944678
0.944576
0.944664
0.944906
0.945021
0.944787
0.944884
0.945232
0.94535
0.945124
0.944754
0.944766
0.945083
0.945039
0.944962
0.944703
0.94489
0.944818
0.945126
0.944877
0.94447
0.944119
0.944398
0.94423
0.944182
0.944602
0.944694
0.944933
0.94507
0.945084
0.945202
0.944795
0.944627
0.944656
0.944638
0.944594
0.944244
0.944546
0.944525
0.944663
0.94457
0.944705
0.944642
0.944521
0.944628
0.945102
0.944581
0.944336
0.944532
0.944466
0.944263
0.943862
0.944339
0.944341
0.944419
0.944074
0.944474
0.944702
0.944581
0.944572
0.944944
0.944572
0.94459
0.944366
0.94465
0.944678
0.944874
0.944623
0.944857
0.944666
0.944631
0.944446
0.944164
0.94415
0.944146
0.944445
0.944522
0.944559
0.944321
0.944054
0.944458
0.944594
0.94481
0.945001
0.944938
0.944908
0.944957
0.944645
0.944565
0.944003
0.943994
0.944346
0.944438
0.944285
0.943887
0.944244
0.944496
0.944764
0.944678
0.944699
0.944627
0.944606
0.944538
0.944442
0.944657
0.944622
0.944411
0.944668
0.944906
0.944938
0.944856
0.944746
0.944282
0.944538
0.944775
0.944987
0.944796
0.94486
0.944825
0.94477
0.945096
0.944499
0.944722
0.944865
0.945082
0.94468
0.945065
0.945019
0.944878
0.944588
0.944301
0.944788
0.944491
0.944887
0.944554
0.944421
0.944527
0.94476
0.944479
0.944483
0.944712
0.944416
0.944654
0.94449
0.94454
0.944686
0.9447
0.944511
0.944703
0.94471
0.945044
0.944637
0.944573
0.944198
0.944222
0.944232
0.943953
0.944248
0.944547
0.944473
0.944283
0.944345
0.943976
0.944461
0.944642
0.944736
0.944494
0.944611
0.944716
0.944563
0.944891
0.944723
0.944673
0.944537
0.944659
0.944598
0.945088
0.945314
0.944789
0.944954
0.945038
0.944968
0.944797
0.944422
0.944182
0.944592
0.944576
0.944707
0.944454
0.944122
0.944166
0.944355
0.944199
0.944348
0.944404
0.944386
0.944505
0.944184
0.94463
0.944752
0.944537
0.944722
0.94447
0.944906
0.944498
0.94469
0.944467
0.944565
0.944406
0.944788
0.944771
0.944596
0.94467
0.944244
0.944537
0.944934
0.944878
0.944733
0.944886
0.944619
0.944772
0.944382
0.944316
0.944268
0.944179
0.944682
0.944804
0.944646
0.944701
0.944766
0.944368
0.944678
0.944901
0.944726
0.94487
0.944739
0.944743
0.944914
0.94462
0.944743
0.944406
0.944695
0.944613
0.944604
0.944356
0.944496
0.944579
0.944409
0.944351
0.944635
0.944773
0.944687
0.94465
0.944719
0.944163
0.94467
0.944967
0.944426
0.944551
0.944299
0.944697
0.94465
0.944739
0.944556
0.944614
0.945074
0.944994
0.944672
0.944806
0.944842
0.944771
0.944926
0.945098
0.945686
0.94521
0.94495
0.945114
0.945562
0.945934
0.945786
0.94577
0.945484
0.945189
0.944978
0.944774
0.944746
0.94508
0.94471
0.944552
0.944366
0.94435
0.94451
0.945078
0.944987
0.944822
0.944942
0.944905
0.944753
0.944802
0.94461
0.944678
0.944594
0.944722
0.944992
0.945094
0.945018
0.94528
0.945424
0.945134
0.945295
0.945626
0.945486
0.945303
0.945774
0.945551
0.945724
0.945494
0.945587
0.945129
0.945176
0.945102
0.945137
0.945235
0.945144
0.944852
0.944944
0.945529
0.946241
0.945738
0.945904
0.945738
0.945638
0.945442
0.945382
0.945523
0.944966
0.945134
0.945038
0.945131
0.945489
0.945233
0.945646
0.945373
0.945633
0.945785
0.945963
0.945798
0.946169
0.946013
0.945843
0.945545
0.945887
0.945575
0.945522
0.945769
0.945741
0.94597
0.945768
0.94579
0.945917
0.945504
0.945262
0.945399
0.945082
0.94519
0.945454
0.94553
0.945696
0.94589
0.945302
0.945246
0.94547
0.945168
0.945549
0.945262
0.9453
0.945533
0.94552
0.945822
0.94581
0.945742
0.946017
0.945486
0.945399
0.945646
0.945592
0.945657
0.945513
0.945414
0.945493
0.945254
0.945023
0.945236
0.945165
0.945426
0.94539
0.945118
0.945041
0.944757
0.944728
0.945114
0.945218
0.945285
0.94568
0.945565
0.945946
0.945769
0.945734
0.945798
0.946184
0.945969
0.946056
0.945806
0.946299
0.946154
0.945859
0.945515
0.945162
0.944978
0.945114
0.945138
0.944981
0.94561
0.945754
0.945786
0.945856
0.946092
0.946104
0.946291
0.946009
0.946067
0.946132
0.945969
0.945834
0.945994
0.945971
0.94567
0.946103
0.946115
0.946036
0.945589
0.94573
0.94577
0.945877
0.946029
0.94577
0.945766
0.945758
0.945439
0.945739
0.945596
0.945641
0.945662
0.945599
0.945937
0.945708
0.945547
0.94544
0.945321
0.945479
0.945255
0.945422
0.945491
0.945437
0.945821
0.945595
0.945057
0.945327
0.945857
0.946141
0.946222
0.946149
0.945974
0.945718
0.945674
0.945903
0.945914
0.946341
0.946118
0.946199
0.946476
0.946421
0.946342
0.946357
0.946378
0.945978
0.94597
0.946215
0.946371
0.946374
0.94629
0.946665
0.946501
0.946548
0.946115
0.94609
0.946358
0.946242
0.946266
0.946246
0.946087
0.946012
0.945895
0.945556
0.945602
0.945488
0.94569
0.946143
0.946342
0.94605
0.946276
0.946314
0.946143
0.946238
0.94624
0.946123
0.946293
0.946588
0.946435
0.946604
0.946802
0.946523
0.946598
0.946764
0.946532
0.946606
0.946695
0.946229
0.946155
0.946196
0.946197
0.946391
0.94634
0.946226
0.946333
0.946372
0.946393
0.946389
0.946529
0.946283
0.94608
0.946138
0.946195
0.946174
0.946136
0.945881
0.946069
0.946113
0.946174
0.946078
0.946169
0.946107
0.946195
0.946289
0.94632
0.94603
0.946147
0.946555
0.946541
0.946126
0.94661
0.946328
0.946264
0.94609
0.94611
0.946095
0.946176
0.946138
0.945882
0.946145
0.946309
0.946147
0.946253
0.946028
0.945952
0.946047
0.945798
0.945809
0.946106
0.946035
0.946123
0.946445
0.946542
0.946348
0.946294
0.946103
0.946106
0.946212
0.946476
0.946354
0.946342
0.94654
0.946558
0.945928
0.946229
0.946706
0.946453
0.946362
0.946448
0.946249
0.946481
0.946179
0.94613
0.946639
0.946235
0.946372
0.946018
0.945426
0.945764
0.945946
0.94608
0.945996
0.946062
0.946256
0.946352
0.94642
0.946069
0.946295
0.946219
0.945951
0.946154
0.94609
0.946468
0.946525
0.946395
0.945947
0.946123
0.946335
0.946066
0.946435
0.946628
0.946306
0.946651
0.946487
0.946769
0.946916
0.94665
0.946525
0.946676
0.946291
0.946109
0.946067
0.945962
0.946059
0.946149
0.946221
0.946053
0.945971
0.946399
0.946307
0.94642
0.946713
0.946751
0.946673
0.946946
0.94699
0.94703
0.946546
0.946494
0.94665
0.946295
0.946565
0.946198
0.945765
0.946362
0.946118
0.946562
0.946451
0.946526
0.946357
0.946503
0.946566
0.946246
0.946214
0.946388
0.946239
0.945881
0.945895
0.946202
0.945902
0.945939
0.946283
0.94661
0.946714
0.947118
0.94687
0.94689
0.946552
0.946709
0.946249
0.94617
0.94629
0.946421
0.946471
0.94669
0.946636
0.946426
0.946569
0.946429
0.946506
0.946355
0.946428
0.946442
0.946361
0.946442
0.946646
0.946653
0.946605
0.946732
0.94689
0.94657
0.946606
0.946791
0.946922
0.947262
0.946941
0.947158
0.947152
0.946874
0.946683
0.946438
0.946367
0.946447
0.946665
0.946168
0.946331
0.946031
0.946392
0.945816
0.946001
0.946163
0.946277
0.946332
0.946523
0.94681
0.946686
0.946662
0.946663
0.946983
0.947189
0.947066
0.947275
0.947161
0.947197
0.946914
0.946822
0.946674
0.946519
0.94649
0.946646
0.946701
0.946806
0.94659
0.946525
0.946926
0.946718
0.946848
0.946464
0.946111
0.946025
0.946295
0.946311
0.946462
0.94649
0.946488
0.947
0.946954
0.946871
0.946602
0.94699
0.946786
0.946794
0.947192
0.947269
0.947522
0.947193
0.947211
0.946878
0.946938
0.946942
0.946781
0.94711
0.94743
0.947389
0.947514
0.947352
0.947499
0.947436
0.947274
0.946896
0.946826
0.947149
0.94669
0.946608
0.946811
0.947074
0.946856
0.946602
0.946839
0.946714
0.946711
0.946559
0.94685
0.946918
0.946773
0.947239
0.94705
0.946936
0.946879
0.947221
0.946969
0.947234
0.947534
0.946954
0.946952
0.946646
0.946804
0.946818
0.946789
0.946878
0.946797
0.9467
0.946587
0.947326
0.947328
0.947233
0.947064
0.946579
0.946874
0.946859
0.946901
0.946906
0.947053
0.946599
0.94694
0.946896
0.946906
0.947063
0.946698
0.947251
0.947411
0.947318
0.947072
0.947344
0.94684
0.947229
0.947361
0.947298
0.94767
0.947697
0.94775
0.947351
0.9474
0.947338
0.947178
0.947639
0.9476
0.947238
0.947384
0.947308
0.947234
0.94703
0.947031
0.947145
0.946911
0.946791
0.946777
0.94665
0.94704
0.947124
0.947098
0.946725
0.946737
0.947152
0.947033
0.946902
0.946758
0.947047
0.947258
0.947175
0.947144
0.94731
0.947355
0.947359
0.946915
0.947302
0.946737
0.947099
0.947102
0.946994
0.947717
0.947124
0.947537
0.947364
0.947366
0.947448
0.947226
0.94731
0.947429
0.94707
0.946925
0.947003
0.947318
0.947646
0.947266
0.947481
0.946958
0.947264
0.947042
0.94694
0.946987
0.946918
0.947026
0.946882
0.946666
0.946753
0.946567
0.946826
0.946678
0.947283
0.947019
0.94683
0.946814
0.946558
0.946815
0.947067
0.94688
0.947175
0.946977
0.947207
0.947002
0.94701
0.947365
0.947188
0.947222
0.947036
0.94689
0.947242
0.947142
0.947139
0.947245
0.947275
0.947238
0.947053
0.946781
0.9467
0.946605
0.946402
0.946376
0.946314
0.946762
0.947066
0.94699
0.94671
0.94679
0.947089
0.947271
0.947631
0.947738
0.947105
0.946776
0.946747
0.94683
0.946606
0.946492
0.946825
0.946791
0.946703
0.946268
0.946542
0.946518
0.946856
0.946722
0.946593
0.946758
0.946966
0.946748
0.946626
0.946883
0.946968
0.946809
0.947346
0.947373
0.947682
0.947067
0.946937
0.946784
0.947014
0.94731
0.947751
0.947835
0.948137
0.948094
0.947558
0.94692
0.946949
0.94723
0.94715
0.947048
0.946933
0.947245
0.947313
0.94697
0.946716
0.947094
0.946802
0.947238
0.947356
0.947209
0.947278
0.947363
0.947373
0.94727
0.947276
0.947283
0.947054
0.947266
0.94721
0.94691
0.946758
0.946822
0.946894
0.947397
0.947414
0.947087
0.947145
0.947263
0.946879
0.946986
0.947133
0.946921
0.947304
0.947739
0.94771
0.94783
0.947579
0.947182
0.947562
0.947594
0.947811
0.947658
0.947774
0.947744
0.947533
0.947151
0.947359
0.947229
0.947284
0.947282
0.947636
0.947769
0.947902
0.947653
0.947418
0.947473
0.947501
0.947419
0.947081
0.947316
0.947134
0.947168
0.947194
0.947236
0.947235
0.94759
0.947338
0.947534
0.947691
0.947972
0.947726
0.947708
0.947643
0.947686
0.947569
0.947897
0.947941
0.947766
0.94738
0.947469
0.947794
0.94773
0.947806
0.947697
0.947707
0.947692
0.94817
0.948185
0.947786
0.948207
0.948285
0.948086
0.948315
0.948205
0.947978
0.947778
0.947698
0.947642
0.94793
0.947686
0.947746
0.947898
0.94786
0.948228
0.94781
0.948146
0.947985
0.948111
0.947901
0.94784
0.94788
0.947578
0.94799
0.947978
0.948038
0.947975
0.947803
0.947856
0.948155
0.948314
0.94811
0.948212
0.947893
0.947885
0.947784
0.948106
0.948116
0.94775
0.947514
0.947853
0.948096
0.948029
0.947789
0.947693
0.9478
0.94787
0.948039
0.94814
0.947744
0.948372
0.948361
0.948536
0.948526
0.948947
0.948925
0.94873
0.948608
0.948567
0.948529
0.948578
0.94855
0.948402
0.948661
0.948258
0.947896
0.947921
0.948131
0.948062
0.948302
0.948855
0.948532
0.948468
0.948739
0.948586
0.948613
0.948639
0.948434
0.948602
0.948625
0.94875
0.94886
0.949002
0.949103
0.949017
0.948445
0.94825
0.948313
0.948482
0.948376
0.948278
0.948214
0.947939
0.947805
0.948078
0.947744
0.947622
0.947662
0.948234
0.947989
0.948083
0.948466
0.948622
0.948301
0.948319
0.948421
0.948223
0.94817
0.948643
0.948182
0.948482
0.948327
0.948291
0.948187
0.9481
0.948033
0.948222
0.948282
0.948527
0.948501
0.948014
0.947788
0.948439
0.948214
0.948313
0.947896
0.94809
0.948119
0.948225
0.948295
0.948128
0.947979
0.948105
0.947955
0.947866
0.948099
0.947655
0.947535
0.947874
0.948316
0.94828
0.948045
0.947964
0.947962
0.94798
0.947825
0.948002
0.947563
0.947498
0.947799
0.947851
0.947877
0.947974
0.947562
0.947767
0.947528
0.948098
0.948183
0.947728
0.94805
0.94814
0.948366
0.947924
0.948222
0.948417
0.948098
0.94831
0.948721
0.948962
0.948734
0.948653
0.948356
0.948318
0.948047
0.947843
0.947954
0.948201
0.948483
0.948185
0.948312
0.948542
0.948626
0.948292
0.94781
0.947766
0.947523
0.947541
0.947571
0.947815
0.947595
0.947624
0.947659
0.947686
0.947686
0.947538
0.947613
0.94789
0.948113
0.948229
0.947911
0.94795
0.948072
0.947955
0.947973
0.947953
0.948012
0.948071
0.948026
0.948022
0.948034
0.94795
0.948385
0.948526
0.948584
0.948179
0.948217
0.947949
0.948258
0.948139
0.947979
0.947967
0.947947
0.948177
0.948289
0.948447
0.948101
0.9479
0.947938
0.948137
0.94783
0.947748
0.947874
0.947815
0.948082
0.947994
0.948238
0.948054
0.948014
0.947795
0.947738
0.947759
0.948063
0.948095
0.948242
0.948322
0.94835
0.948217
0.948229
0.948313
0.948374
0.948615
0.948156
0.947968
0.948178
0.947982
0.948338
0.94822
0.948313
0.948123
0.948248
0.947914
0.948398
0.948549
0.948396
0.94871
0.948369
0.948287
0.948223
0.948457
0.948464
0.947969
0.947895
0.947698
0.947594
0.947944
0.947879
0.947871
0.94797
0.948051
0.948074
0.94823
0.948135
0.948233
0.948591
0.948535
0.948603
0.94861
0.948164
0.948334
0.948182
0.948156
0.948066
0.948545
0.948442
0.948621
0.948554
0.9487
0.948198
0.948203
0.947616
0.947836
0.947852
0.947806
0.947875
0.947874
0.948134
0.947751
0.947735
0.947958
0.94821
0.948222
0.948116
0.948404
0.948529
0.948593
0.948634
0.948451
0.948597
0.948689
0.9486
0.948838
0.948522
0.948611
0.948326
0.948373
0.948373
0.94829
0.948646
0.948767
0.948714
0.94843
0.948548
0.948248
0.948451
0.94828
0.948473
0.948142
0.948465
0.948492
0.948218
0.948611
0.947937
0.948134
0.947875
0.947286
0.947599
0.947838
0.94827
0.947915
0.947854
0.947986
0.947886
0.947769
0.947739
0.947499
0.947638
0.947868
0.947921
0.948355
0.948161
0.94778
0.947867
0.948462
0.948617
0.9484
0.948509
0.94854
0.948605
0.948426
0.947588
0.948078
0.948226
0.948602
0.948758
0.948274
0.947902
0.947995
0.947886
0.948199
0.94827
0.948449
0.948278
0.948446
0.948176
0.948094
0.948489
0.94819
0.948346
0.948269
0.948302
0.948232
0.948475
0.949004
0.948792
0.94855
0.948778
0.948986
0.948759
0.948637
0.948354
0.948231
0.948272
0.948147
0.948288
0.948482
0.948341
0.948514
0.948538
0.948358
0.948295
0.948406
0.948029
0.948248
0.948566
0.948419
0.948118
0.947646
0.948336
0.947928
0.948314
0.948505
0.948987
0.948712
0.948635
0.948731
0.948292
0.948495
0.948496
0.948454
0.948512
0.948748
0.948557
0.948495
0.948862
0.948812
0.948426
0.948802
0.948852
0.94867
0.948718
0.948286
0.948531
0.948777
0.948489
0.948687
0.948985
0.949298
0.948887
0.948553
0.948918
0.948675
0.94858
0.948824
0.948386
0.948
0.948027
0.948034
0.948109
0.948374
0.948494
0.948722
0.948777
0.948604
0.948581
0.948675
0.948511
0.94829
0.948779
0.948973
0.948362
0.948462
0.947984
0.94832
0.948465
0.948908
0.94875
0.948993
0.948897
0.948815
0.948602
0.948726
0.94882
0.949004
0.949032
0.949082
0.948735
0.94873
0.948914
0.949328
0.949506
0.949639
0.949275
0.94945
0.949522
0.949273
0.94911
0.948989
0.948896
0.948924
0.949106
0.948523
0.948557
0.948692
0.948595
0.948565
0.94845
0.948654
0.948474
0.94845
0.948205
0.948491
0.948653
0.948901
0.948963
0.948544
0.948511
0.948877
0.948816
0.948493
0.948514
0.94859
0.948804
0.94875
0.949147
0.948784
0.949057
0.949087
0.948966
0.948626
0.948461
0.948762
0.948994
0.948935
0.94906
0.94862
0.948181
0.947974
0.948432
0.948407
0.9486
0.948917
0.948774
0.948534
0.948383
0.94815
0.948602
0.948468
0.948638
0.948646
0.948934
0.949491
0.949233
0.948837
0.949117
0.948977
0.948951
0.948952
0.948957
0.949127
0.948801
0.948828
0.94907
0.948919
0.948695
0.948632
0.948652
0.94877
0.948579
0.948762
0.94859
0.948691
0.948734
0.948993
0.948924
0.94947
0.949307
0.949297
0.949332
0.949353
0.949347
0.949335
0.949684
0.949773
0.949547
0.949457
0.949505
0.949131
0.948957
0.948978
0.949079
0.948794
0.948957
0.9488
0.948957
0.949031
0.948727
0.948618
0.948611
0.948553
0.949238
0.949285
0.948914
0.948882
0.949165
0.949524
0.948973
0.949269
0.949183
0.949011
0.949311
0.949128
0.949163
0.949144
0.949022
0.94912
0.949266
0.948851
0.949141
0.949396
0.94911
0.94865
0.948755
0.948709
0.948795
0.948927
0.94938
0.949106
0.948879
0.948955
0.949345
0.949098
0.949422
0.949505
0.949576
0.949238
0.949187
0.949501
0.949276
0.949127
0.949242
0.949514
0.949174
0.948962
0.948935
0.949379
0.949154
0.948981
0.948962
0.949066
0.94905
0.9489
0.949145
0.948839
0.949409
0.949375
0.949438
0.949778
0.94949
0.949218
0.949439
0.94958
0.949377
0.949267
0.949538
0.949327
0.94931
0.949258
0.94915
0.949294
0.949376
0.949419
0.949341
0.948941
0.949092
0.949202
0.949287
0.949586
0.949214
0.949654
0.949163
0.949333
0.949738
0.949736
0.94929
0.949126
0.949243
0.948662
0.948779
0.948998
0.949038
0.94901
0.948982
0.949295
0.949198
0.949302
0.94915
0.94913
0.948716
0.949074
0.949158
0.949066
0.949193
0.94939
0.949371
0.949726
0.949607
0.949297
0.94881
0.948551
0.948633
0.948789
0.948842
0.94883
0.94905
0.949093
0.949378
0.949614
0.94943
0.949135
0.94894
0.94908
0.949268
0.949655
0.949625
0.949303
0.9492
0.949174
0.94916
0.949155
0.948846
0.948868
0.948758
0.948704
0.948578
0.948622
0.949145
0.949315
0.94931
0.949314
0.948958
0.949058
0.949094
0.949338
0.949786
0.949537
0.949173
0.949099
0.948982
0.94932
0.949138
0.949236
0.949287
0.949522
0.949106
0.949198
0.949456
0.94932
0.948948
0.948961
0.94903
0.949359
0.949388
0.949409
0.949115
0.949118
0.948956
0.949044
0.949358
0.949074
0.949554
0.949366
0.949165
0.949224
0.949252
0.949439
0.949482
0.949386
0.948984
0.949284
0.949243
0.949117
0.949322
0.94909
0.949079
0.948837
0.948782
0.948898
0.948845
0.948352
0.94865
0.948806
0.948886
0.948589
0.948614
0.948598
0.949059
0.949111
0.94879
0.948789
0.948914
0.948656
0.948658
0.948586
0.948826
0.948859
0.948882
0.948662
0.948637
0.94905
0.949142
0.949126
0.948622
0.948382
0.948484
0.948465
0.948834
0.948338
0.947945
0.948302
0.94865
0.948406
0.94869
0.948668
0.948715
0.949061
0.948819
0.948718
0.948966
0.948956
0.948612
0.948898
0.948702
0.948861
0.949197
0.948935
0.948916
0.948852
0.948822
0.948725
0.948865
0.948854
0.948522
0.948758
0.948945
0.949305
0.949251
0.949181
0.948603
0.948846
0.948965
0.948574
0.948424
0.948502
0.948549
0.948401
0.948713
0.948899
0.948533
0.948553
0.948691
0.94877
0.948768
0.949212
0.948877
0.949025
0.949563
0.949141
0.949093
0.948829
0.949167
0.949386
0.949234
0.949275
0.949233
0.949803
0.949825
0.949534
0.949414
0.949246
0.949004
0.949242
0.949338
0.949298
0.94917
0.949313
0.949146
0.949169
0.948771
0.948333
0.948486
0.948554
0.94892
0.948947
0.949206
0.948883
0.949026
0.949058
0.949133
0.948695
0.949128
0.948846
0.948813
0.948982
0.949303
0.949202
0.949242
0.949285
0.949264
0.948882
0.949301
0.948949
0.949096
0.949296
0.949136
0.949307
0.949579
0.949522
0.949323
0.949426
0.949444
0.948986
0.949436
0.949586
0.949509
0.949533
0.94934
0.949381
0.949643
0.949278
0.94957
0.949045
0.949026
0.949207
0.949175
0.949226
0.949126
0.949159
0.949073
0.949223
0.949037
0.948805
0.948862
0.949022
0.94921
0.948977
0.948618
0.948582
0.948641
0.94905
0.948975
0.948951
0.949358
0.949117
0.94907
0.948992
0.949219
0.949013
0.949376
0.949263
0.948955
0.948996
0.949417
0.949413
0.949236
0.949083
0.948938
0.949084
0.949224
0.948897
0.948834
0.94852
0.948342
0.948164
0.948342
0.948506
0.94869
0.948193
0.94862
0.948606
0.948948
0.948854
0.949145
0.94949
0.949687
0.949222
0.949492
0.94917
0.948882
0.94951
0.94924
0.948982
0.949343
0.949287
0.949265
0.949302
0.948898
0.948679
0.948989
0.949209
0.949178
0.949379
0.949404
0.949398
0.949347
0.94921
0.948984
0.949085
0.94891
0.948718
0.948859
0.949033
0.949546
0.949154
0.949106
0.949052
0.949175
0.949141
0.949141
0.949304
0.949352
0.949289
0.94966
0.949979
0.949861
0.94994
0.94979
0.949924
0.949693
0.949782
0.949278
0.949522
0.949494
0.949571
0.949613
0.949696
0.949666
0.949711
0.949634
0.949715
0.949535
0.94966
0.949536
0.949578
0.949606
0.949173
0.94935
0.949385
0.9497
0.949549
0.949558
0.949222
0.94931
0.949742
0.949597
0.94987
0.94993
0.949928
0.949849
0.950113
0.949851
0.949975
0.949412
0.949966
0.949773
0.949692
0.949617
0.949538
0.950055
0.950014
0.949885
0.950143
0.950326
0.950278
0.95053
0.950269
0.950286
0.950169
0.949738
0.949814
0.949851
0.94991
0.949783
0.94978
0.94977
0.949728
0.949458
0.949407
0.949513
0.94991
0.949753
0.949639
0.949845
0.949671
0.95013
0.950098
0.949721
0.949574
0.949472
0.949314
0.949197
0.949161
0.949346
0.949345
0.949525
0.949478
0.949449
0.949438
0.949586
0.949283
0.949009
0.949257
0.949417
0.949742
0.949923
0.949788
0.949841
0.949426
0.949578
0.949543
0.949575
0.949685
0.950086
0.949872
0.949678
0.949804
0.949545
0.949346
0.949644
0.949618
0.949457
0.949203
0.94913
0.949711
0.949648
0.949742
0.94946
0.949662
0.949698
0.94983
0.949913
0.950134
0.950018
0.949841
0.949905
0.949572
0.949518
0.949592
0.949599
0.949509
0.950042
0.949719
0.949826
0.949862
0.949506
0.949587
0.949638
0.949608
0.950045
0.949942
0.949802
0.949794
0.949765
0.949584
0.949741
0.949899
0.950149
0.950135
0.950045
0.949986
0.949982
0.950136
0.949656
0.94963
0.949217
0.949404
0.949479
0.949411
0.949555
0.949614
0.949744
0.949934
0.949456
0.949827
0.949757
0.949546
0.949591
0.949568
0.949629
0.950034
0.94963
0.949579
0.949121
0.94916
0.949394
0.949763
0.949903
0.949821
0.950053
0.95005
0.950431
0.950177
0.949589
0.949721
0.949687
0.949057
0.949358
0.949487
0.949686
0.949929
0.950168
0.949978
0.950122
0.950191
0.949782
0.950116
0.950073
0.949613
0.949292
0.949388
0.949801
0.950327
0.950091
0.949864
0.949655
0.950087
0.950064
0.94983
0.949676
0.949904
0.950194
0.949966
0.950147
0.950166
0.949828
0.949826
0.949718
0.949531
0.949858
0.950069
0.949571
0.949646
0.949723
0.949923
0.949754
0.949659
0.950103
0.95004
0.950009
0.950016
0.950114
0.94995
0.949803
0.94979
0.949987
0.949896
0.949874
0.949854
0.949863
0.949467
0.949478
0.949793
0.949788
0.949804
0.949973
0.949983
0.949786
0.949902
0.949562
0.949606
0.949531
0.950041
0.950066
0.95
0.950146
0.949602
0.950003
0.950092
0.950106
0.949995
0.949799
0.949811
0.949816
0.949966
0.950247
0.949714
0.949865
0.949987
0.949438
0.949634
0.949557
0.949987
0.950311
0.950748
0.950352
0.949798
0.949786
0.950302
0.950187
0.950391
0.950326
0.950426
0.950267
0.950198
0.949938
0.949714
0.949938
0.949627
0.949889
0.949623
0.949769
0.949528
0.949626
0.949574
0.949619
0.949958
0.949992
0.949437
0.949478
0.949211
0.949047
0.949251
0.949478
0.949468
0.949568
0.949573
0.94961
0.949632
0.949826
0.949494
0.950066
0.94981
0.949588
0.949824
0.949601
0.9496
0.949338
0.949385
0.949439
0.950104
0.95029
0.949834
0.949784
0.949662
0.950102
0.949716
0.949774
0.949969
0.949326
0.949168
0.94924
0.949758
0.949547
0.949722
0.949586
0.949376
0.949423
0.94965
0.949832
0.949792
0.94993
0.949723
0.949974
0.950124
0.950058
0.949752
0.95006
0.949909
0.949625
0.950015
0.949617
0.949566
0.9498
0.949994
0.949708
0.949793
0.949821
0.950037
0.950081
0.95016
0.94984
0.949788
0.949946
0.949775
0.949791
0.949316
0.949337
0.949749
0.949725
0.95017
0.949878
0.950534
0.950013
0.949986
0.949786
0.949886
0.949955
0.949757
0.950011
0.949972
0.949697
0.949862
0.950006
0.949948
0.949764
0.949774
0.94972
0.949651
0.949733
0.95009
0.949778
0.949774
0.949874
0.949686
0.950109
0.949581
0.949854
0.949594
0.949617
0.949722
0.949801
0.949994
0.94959
0.949722
0.94929
0.949596
0.949646
0.949385
0.949649
0.949782
0.949521
0.949646
0.949747
0.949762
0.94983
0.94998
0.949958
0.949765
0.949514
0.949219
0.949565
0.949316
0.949618
0.949743
0.949823
0.950119
0.94987
0.9501
0.949602
0.94935
0.949508
0.949805
0.94991
0.949947
0.949945
0.949558
0.949468
0.949466
0.950033
0.950034
0.949847
0.949726
0.94953
0.949461
0.949776
0.949874
0.950146
0.950044
0.949995
0.949907
0.950034
0.949799
0.949562
0.949693
0.94966
0.949589
0.949972
0.949413
0.949618
0.950081
0.950369
0.95015
0.950194
0.950215
0.949751
0.949526
0.949804
0.949908
0.949703
0.950051
0.950083
0.950398
0.950073
0.950318
0.950542
0.950173
0.950294
0.949827
0.949877
0.949866
0.949934
0.949793
0.949419
0.94957
0.949539
0.949768
0.94954
0.949412
0.949971
0.95022
0.95017
0.950149
0.950417
0.95051
0.950246
0.950238
0.950111
0.949971
0.949953
0.949891
0.949863
0.949684
0.950064
0.949926
0.949879
0.949791
0.94951
0.949856
0.949977
0.950389
0.949898
0.949842
0.949535
0.95005
0.949717
0.949882
0.949814
0.949682
0.949801
0.949974
0.950165
0.95041
0.950535
0.95025
0.950311
0.950212
0.950339
0.950292
0.950246
0.950414
0.950112
0.950238
0.950344
0.950128
0.950256
0.95024
0.950254
0.950401
0.949965
0.950002
0.95003
0.949774
0.949976
0.949997
0.950253
0.949991
0.949966
0.949398
0.949485
0.949623
0.950021
0.950181
0.950022
0.950318
0.950499
0.950347
0.95017
0.949854
0.949611
0.949987
0.949823
0.950021
0.950489
0.950403
0.950242
0.950026
0.950256
0.950314
0.949989
0.950061
0.950138
0.950037
0.950314
0.950154
0.95042
0.950174
0.950499
0.950579
0.950649
0.950831
0.950516
0.950321
0.950284
0.950219
0.950242
0.950355
0.950198
0.950527
0.950298
0.950534
0.950285
0.950358
0.950647
0.950726
0.950775
0.951054
0.951086
0.950714
0.950605
0.950611
0.95064
0.950264
0.950171
0.95033
0.950476
0.950338
0.950262
0.949986
0.949981
0.95001
0.950071
0.95031
0.950319
0.950124
0.950518
0.950513
0.950532
0.950554
0.950825
0.95107
0.950874
0.950906
0.950886
0.950488
0.950562
0.95055
0.950862
0.950815
0.950794
0.950594
0.950667
0.950462
0.9504
0.950351
0.950575
0.950687
0.950557
0.950638
0.950519
0.950615
0.95059
0.95069
0.950569
0.950554
0.950482
0.950477
0.950226
0.950287
0.950466
0.95005
0.95003
0.950181
0.950429
0.950352
0.950521
0.950062
0.950296
0.950526
0.950503
0.950625
0.950892
0.950901
0.950787
0.951289
0.951252
0.951119
0.95095
0.95061
0.950832
0.950594
0.95096
0.951025
0.951158
0.950711
0.950942
0.950682
0.950554
0.950774
0.950534
0.950606
0.95063
0.950578
0.950573
0.95059
0.950558
0.950475
0.950568
0.95064
0.950594
0.950438
0.950379
0.950408
0.950222
0.950407
0.950792
0.950902
0.950991
0.950592
0.950978
0.951161
0.951122
0.951242
0.950966
0.950666
0.950866
0.950641
0.950676
0.950929
0.95061
0.950562
0.950283
0.95
0.950126
0.950446
0.95063
0.950509
0.950567
0.950546
0.950566
0.950416
0.950615
0.950796
0.950683
0.950883
0.950858
0.951079
0.951271
0.951127
0.95121
0.950953
0.95065
0.950574
0.950342
0.950173
0.950202
0.950769
0.950745
0.950738
0.950202
0.94997
0.950671
0.950599
0.950219
0.950391
0.950392
0.950342
0.95001
0.950342
0.950611
0.950978
0.950904
0.951102
0.95096
0.950774
0.950809
0.95068
0.950874
0.950978
0.951069
0.951037


