#k: 0.75
#x0: 0	y0: 0
#x: -4	y: 0
#vx1	vy0.5
x,y
-3.95047,0.025
-3.90141,0.050003
-3.85284,0.0750122
-3.80475,0.100031
-3.75715,0.125062
-3.71005,0.150111
-3.66346,0.175179
-3.61737,0.200272
-3.57181,0.225394
-3.52676,0.250548
-3.48225,0.275741
-3.43827,0.300975
-3.39483,0.326257
-3.35194,0.351592
-3.3096,0.376984
-3.26782,0.40244
-3.22661,0.427966
-3.18596,0.453568
-3.1459,0.479252
-3.10642,0.505024
-3.06752,0.530892
-3.02922,0.556863
-2.99152,0.582944
-2.95442,0.609142
-2.91793,0.635466
-2.88205,0.661924
-2.84679,0.688524
-2.81215,0.715274
-2.77814,0.742183
-2.74476,0.769261
-2.71202,0.796516
-2.67991,0.823958
-2.64843,0.851597
-2.6176,0.879442
-2.58742,0.907503
-2.55788,0.93579
-2.52898,0.964314
-2.50074,0.993085
-2.47314,1.02211
-2.44618,1.05141
-2.41988,1.08098
-2.39422,1.11084
-2.36921,1.14101
-2.34483,1.17148
-2.3211,1.20227
-2.29801,1.23339
-2.27554,1.26485
-2.25371,1.29666
-2.2325,1.32883
-2.21192,1.36137
-2.19195,1.39428
-2.17258,1.42759
-2.15382,1.46129
-2.13566,1.49539
-2.11808,1.52991
-2.10109,1.56485
-2.08467,1.60022
-2.06881,1.63601
-2.05352,1.67226
-2.03877,1.70894
-2.02456,1.74608
-2.01089,1.78368
-1.99773,1.82174
-1.98509,1.86027
-1.97295,1.89927
-1.96131,1.93875
-1.95015,1.9787
-1.93946,2.01913
-1.92924,2.06005
-1.91947,2.10145
-1.91014,2.14334
-1.90125,2.18572
-1.89278,2.22858
-1.88473,2.27193
-1.87708,2.31577
-1.86983,2.3601
-1.86297,2.40492
-1.85649,2.45023
-1.85037,2.49602
-1.84461,2.5423
-1.8392,2.58905
-1.83414,2.6363
-1.82941,2.68402
-1.825,2.73221
-1.82091,2.78088
-1.81713,2.83003
-1.81365,2.87964
-1.81046,2.92972
-1.80756,2.98026
-1.80494,3.03126
-1.80259,3.08272
-1.80051,3.13463
-1.79868,3.18699
-1.79711,3.2398
-1.79578,3.29305
-1.79469,3.34674
-1.79384,3.40087
-1.79321,3.45542
-1.7928,3.5104
-1.79261,3.56581
-1.79263,3.62164


#k: 0.75
#x0: 0	y0: 0
#x: -4	y: 0
#vx1	vy0.1
x,y
-3.95047,0.005
-3.90141,0.0100006
-3.85284,0.0150024
-3.80475,0.0200062
-3.75715,0.0250125
-3.71005,0.0300221
-3.66346,0.0350359
-3.61738,0.0400545
-3.57182,0.0450788
-3.52678,0.0501098
-3.48227,0.0551484
-3.43831,0.0601954
-3.39488,0.065252
-3.35201,0.0703193
-3.3097,0.0753982
-3.26796,0.0804901
-3.22679,0.085596
-3.1862,0.0907174
-3.14619,0.0958555
-3.10679,0.101012
-3.06798,0.106188
-3.02979,0.111385
-2.99221,0.116604
-2.95526,0.121848
-2.91894,0.127119
-2.88327,0.132417
-2.84824,0.137745
-2.81387,0.143104
-2.78017,0.148498
-2.74713,0.153927
-2.71478,0.159395
-2.68312,0.164903
-2.65215,0.170453
-2.62188,0.176049
-2.59233,0.181693
-2.5635,0.187387
-2.53539,0.193135
-2.50802,0.198938
-2.4814,0.204801
-2.45552,0.210725
-2.4304,0.216714
-2.40605,0.222772
-2.38247,0.228901
-2.35967,0.235105
-2.33766,0.241388
-2.31644,0.247752
-2.29602,0.254202
-2.2764,0.260741
-2.2576,0.267374
-2.23962,0.274103
-2.22247,0.280934
-2.20614,0.287869
-2.19065,0.294913
-2.176,0.302071
-2.1622,0.309346
-2.14924,0.316742
-2.13714,0.324265
-2.1259,0.331917
-2.11552,0.339704
-2.106,0.34763
-2.09735,0.355698
-2.08957,0.363914
-2.08266,0.372282
-2.07662,0.380806
-2.07145,0.38949
-2.06716,0.398338
-2.06375,0.407355
-2.0612,0.416544
-2.05954,0.42591
-2.05874,0.435457
-2.05882,0.445188
-2.05977,0.455107
-2.06158,0.465217
-2.06426,0.475524
-2.0678,0.486028
-2.07221,0.496735
-2.07746,0.507647
-2.08357,0.518767
-2.09053,0.530098
-2.09833,0.541643
-2.10697,0.553404
-2.11644,0.565383
-2.12673,0.577584
-2.13785,0.590007
-2.14978,0.602656
-2.16253,0.615531
-2.17607,0.628634
-2.19041,0.641968
-2.20553,0.655532
-2.22144,0.669328
-2.23812,0.683358
-2.25557,0.697621
-2.27378,0.712119
-2.29274,0.726852
-2.31244,0.741821
-2.33288,0.757026
-2.35404,0.772467
-2.37592,0.788143
-2.39851,0.804056
-2.42181,0.820204
-2.4458,0.836587


#k: 0.75
#x0: 0	y0: 0
#x: -4	y: 0
#vx1	vy0.01
x,y
-3.95047,0.0005
-3.90141,0.00100006
-3.85284,0.00150024
-3.80475,0.00200062
-3.75715,0.00250125
-3.71005,0.00300221
-3.66346,0.00350359
-3.61738,0.00400545
-3.57182,0.00450788
-3.52678,0.00501098
-3.48228,0.00551484
-3.43831,0.00601954
-3.39489,0.00652521
-3.35202,0.00703193
-3.30971,0.00753983
-3.26796,0.00804901
-3.22679,0.00855961
-3.18621,0.00907176
-3.14621,0.00958557
-3.1068,0.0101012
-3.068,0.0106188
-3.02981,0.0111385
-2.99224,0.0116605
-2.9553,0.0121849
-2.91899,0.012712
-2.88332,0.0132418
-2.8483,0.0137746
-2.81394,0.0143106
-2.78025,0.01485
-2.74723,0.015393
-2.7149,0.0159399
-2.68325,0.0164908
-2.65231,0.0170459
-2.62207,0.0176056
-2.59254,0.0181702
-2.56374,0.0187398
-2.53567,0.0193147
-2.50834,0.0198952
-2.48176,0.0204817
-2.45593,0.0210745
-2.43087,0.0216737
-2.40657,0.0222799
-2.38306,0.0228933
-2.36033,0.0235142
-2.3384,0.024143
-2.31727,0.0247802
-2.29695,0.0254259
-2.27744,0.0260807
-2.25876,0.026745
-2.24091,0.027419
-2.22389,0.0281033
-2.20772,0.0287983
-2.19239,0.0295043
-2.17792,0.0302218
-2.16432,0.0309513
-2.15157,0.0316931
-2.1397,0.0324478
-2.12871,0.0332158
-2.1186,0.0339975
-2.10937,0.0347935
-2.10103,0.035604
-2.09358,0.0364297
-2.08702,0.037271
-2.08137,0.0381283
-2.07662,0.0390021
-2.07276,0.0398929
-2.06982,0.0408011
-2.06777,0.0417271
-2.06664,0.0426714
-2.06641,0.0436344
-2.06709,0.0446166
-2.06867,0.0456184
-2.07116,0.0466401
-2.07456,0.0476822
-2.07886,0.0487451
-2.08406,0.0498291
-2.09016,0.0509346
-2.09716,0.0520619
-2.10505,0.0532115
-2.11383,0.0543835
-2.12349,0.0555784
-2.13404,0.0567963
-2.14547,0.0580376
-2.15777,0.0593025
-2.17093,0.0605913
-2.18497,0.0619042
-2.19985,0.0632414
-2.2156,0.064603
-2.23218,0.0659893
-2.24961,0.0674005
-2.26786,0.0688365
-2.28695,0.0702977
-2.30685,0.071784
-2.32757,0.0732956
-2.34909,0.0748325
-2.3714,0.0763948
-2.39451,0.0779826
-2.4184,0.0795958
-2.44306,0.0812346
-2.46849,0.0828988
-2.49468,0.0845885


#k: 0.75
#x0: 0	y0: 0
#x: -4	y: 0
#vx2	vy1
x,y
-3.90047,0.05
-3.80142,0.100006
-3.70286,0.150025
-3.60481,0.200065
-3.50727,0.250133
-3.41027,0.30024
-3.31382,0.350394
-3.21792,0.400607
-3.1226,0.450892
-3.02786,0.501262
-2.93373,0.551732
-2.84022,0.602318
-2.74733,0.653037
-2.6551,0.703911
-2.56352,0.754959
-2.47262,0.806205
-2.3824,0.857675
-2.29287,0.909396
-2.20406,0.961397
-2.11596,1.01371
-2.02858,1.06637
-1.94192,1.11941
-1.85599,1.17286
-1.77078,1.22678
-1.68629,1.28118
-1.6025,1.33613
-1.5194,1.39165
-1.43698,1.44778
-1.3552,1.50457
-1.27404,1.56204
-1.19346,1.62024
-1.11344,1.67918
-1.03394,1.7389
-0.954908,1.79942
-0.876307,1.86075
-0.798096,1.92291
-0.720229,1.9859
-0.642665,2.04972
-0.565363,2.11437
-0.488281,2.17985
-0.411383,2.24616
-0.334633,2.31326
-0.257998,2.38117
-0.181447,2.44985
-0.104953,2.51929
-0.0284893,2.58948
0.0479662,2.66039
0.124434,2.732
0.200934,2.8043
0.277481,2.87726
0.35409,2.95087
0.430775,3.02511
0.507546,3.09995
0.584414,3.17538
0.661386,3.25139
0.738471,3.32794
0.815676,3.40504
0.893005,3.48265
0.970464,3.56077
1.04806,3.63939
1.12579,3.71847
1.20365,3.79802
1.28167,3.87802
1.35982,3.95845
1.43812,4.03931
1.51657,4.12057
1.59516,4.20224
1.67391,4.2843
1.7528,4.36674
1.83184,4.44955
1.91103,4.53272
1.99036,4.61624
2.06985,4.7001
2.14948,4.7843
2.22926,4.86882
2.30918,4.95366
2.38925,5.03881
2.46946,5.12427
2.54982,5.21002
2.63031,5.29607
2.71095,5.38239
2.79173,5.469
2.87265,5.55587
2.9537,5.64302
3.0349,5.73042
3.11622,5.81808
3.19768,5.90599
3.27928,5.99415
3.361,6.08254
3.44286,6.17118
3.52484,6.26004
3.60696,6.34913
3.6892,6.43845
3.77156,6.52798
3.85405,6.61773
3.93667,6.70769
4.0194,6.79786
4.10226,6.88823
4.18524,6.97881
4.26833,7.06958
4.35154,7.16055


