#Dataset
#N:3,n:1000
0.412015
0.387615
0.596318
0.36396
0.58628
0.468758
0.433641
0.553954
0.26533
0.862085
0.378953
0.590885
0.245428
0.43474
0.736173
0.607345
0.618296
0.646839
0.297011
0.660162
0.698175
0.523446
0.697457
0.598403
0.462916
0.64439
0.265546
0.405779
0.644763
0.587339
0.528775
0.810743
0.663739
0.433232
0.481632
0.287674
0.217929
0.545486
0.276333
0.547974
0.859424
0.545726
0.401666
0.277327
0.634878
0.601408
0.624701
0.353993
0.679336
0.507179
0.439968
0.664383
0.341068
0.217519
0.525927
0.61644
0.56248
0.542687
0.54528
0.685339
0.460376
0.663227
0.509945
0.513468
0.792741
0.697817
0.49659
0.262712
0.582101
0.768564
0.396666
0.627485
0.775933
0.279915
0.689078
0.706947
0.684783
0.373553
0.6333
0.508034
0.838428
0.370655
0.397928
0.582515
0.81805
0.778944
0.478715
0.671812
0.615727
0.168861
0.540466
0.25977
0.534419
0.842074
0.420085
0.434764
0.426879
0.680566
0.612091
0.60574
0.617171
0.614254
0.627311
0.158281
0.662717
0.634227
0.130875
0.314903
0.378465
0.284698
0.654765
0.466988
0.706784
0.316045
0.649888
0.47248
0.361369
0.52146
0.425621
0.660355
0.632535
0.597047
0.656471
0.385062
0.207135
0.592329
0.291236
0.465814
0.591672
0.640759
0.326446
0.415789
0.424809
0.522769
0.673654
0.621782
0.609215
0.836243
0.75649
0.532918
0.809388
0.625915
0.430438
0.163729
0.8711
0.614378
0.861617
0.671776
0.559383
0.0531131
0.914497
0.488994
0.492449
0.483594
0.509593
0.381454
0.433977
0.441894
0.545197
0.363676
0.593613
0.335913
0.540713
0.604726
0.763816
0.332734
0.76262
0.47286
0.29734
0.246187
0.789868
0.806341
0.733284
0.549374
0.667829
0.305292
0.526037
0.639025
0.736641
0.413818
0.364876
0.444246
0.808204
0.772127
0.503446
0.581427
0.705841
0.264221
0.519337
0.390304
0.499339
0.443473
0.515068
0.808546
0.591778
0.563524
0.642786
0.639478
0.314939
0.570005
0.247627
0.394331
0.198867
0.57981
0.617744
0.148736
0.584504
0.403141
0.676693
0.345096
0.651971
0.460971
0.696334
0.505556
0.797303
0.723842
0.448632
0.712931
0.7082
0.480613
0.61878
0.428451
0.593755
0.690177
0.631395
0.566206
0.794651
0.222665
0.571917
0.459325
0.665106
0.655565
0.496438
0.701349
0.55149
0.755038
0.386269
0.674836
0.225569
0.554568
0.292519
0.51321
0.224302
0.476241
0.576872
0.44711
0.297525
0.662969
0.560233
0.524529
0.257849
0.596639
0.542623
0.307956
0.470871
0.39779
0.582929
0.674552
0.717472
0.258388
0.490362
0.618231
0.421621
0.269657
0.688127
0.713489
0.513029
0.137013
0.820957
0.50965
0.526276
0.618515
0.64497
0.584864
0.537156
0.632766
0.284839
0.693525
0.112699
0.386072
0.421212
0.588308
0.561617
0.593568
0.284547
0.446021
0.473845
0.7656
0.42082
0.435001
0.464623
0.795039
0.486534
0.855452
0.53654
0.630176
0.489139
0.61615
0.664252
0.312015
0.431159
0.46177
0.252562
0.585222
0.368191
0.430619
0.377974
0.594153
0.750898
0.701904
0.559948
0.603434
0.415359
0.479797
0.563818
0.543613
0.588834
0.40224
0.570774
0.144795
0.148151
0.802736
0.6045
0.878179
0.49854
0.540128
0.278458
0.595655
0.572311
0.373474
0.361635
0.265188
0.633838
0.704691
0.593649
0.469675
0.469229
0.559051
0.60836
0.544936
0.579128
0.379865
0.274132
0.483449
0.640346
0.490203
0.374051
0.121113
0.454072
0.835122
0.650893
0.567518
0.681177
0.590432
0.600282
0.621608
0.572144
0.43933
0.352645
0.42946
0.187865
0.634727
0.505996
0.236962
0.813101
0.536937
0.253202
0.316407
0.676152
0.243693
0.297592
0.338447
0.345378
0.698279
0.273838
0.435047
0.489884
0.330468
0.42453
0.548496
0.519094
0.32499
0.600469
0.467141
0.769286
0.547104
0.505003
0.132272
0.523278
0.50095
0.535801
0.544977
0.65635
0.57108
0.6754
0.537934
0.287933
0.64559
0.332131
0.458686
0.490175
0.303045
0.414125
0.232601
0.176055
0.266231
0.200527
0.532289
0.26894
0.648845
0.514741
0.517587
0.659799
0.848304
0.602365
0.283288
0.424222
0.359304
0.343381
0.421475
0.885652
0.48746
0.512
0.549218
0.514496
0.898342
0.3711
0.566962
0.64514
0.470418
0.567877
0.534182
0.692794
0.269353
0.593307
0.393838
0.520954
0.460921
0.472752
0.708995
0.436936
0.494677
0.317738
0.504836
0.719321
0.641654
0.658425
0.550728
0.501749
0.70853
0.366688
0.31781
0.433712
0.775297
0.263868
0.672889
0.362092
0.488
0.0951214
0.602985
0.422978
0.334171
0.344788
0.626639
0.628591
0.622205
0.539652
0.534526
0.385245
0.660102
0.547857
0.386903
0.374657
0.408913
0.310154
0.58556
0.258171
0.296128
0.652994
0.655414
0.333095
0.620817
0.340245
0.741565
0.627131
0.347017
0.494226
0.460437
0.371519
0.563739
0.386674
0.511392
0.346658
0.716746
0.624648
0.466977
0.385558
0.596264
0.333402
0.553319
0.43221
0.562508
0.151615
0.715721
0.533823
0.803395
0.353725
0.422629
0.543738
0.662231
0.421003
0.558022
0.321928
0.636298
0.73947
0.230686
0.379312
0.177442
0.451715
0.434526
0.506066
0.349788
0.598892
0.419047
0.385801
0.716328
0.683597
0.722952
0.43403
0.510535
0.416428
0.552281
0.763894
0.56636
0.565562
0.45122
0.232384
0.380289
0.720365
0.453507
0.540894
0.421594
0.245776
0.675484
0.238692
0.605003
0.552696
0.525698
0.316278
0.723591
0.584363
0.651954
0.573282
0.298421
0.571322
0.271693
0.494207
0.357746
0.262273
0.662176
0.623571
0.524496
0.587595
0.656196
0.663733
0.395856
0.460066
0.566846
0.718485
0.336655
0.21236
0.462433
0.518525
0.585293
0.415363
0.358777
0.529243
0.647029
0.35158
0.182085
0.302182
0.281901
0.290463
0.419684
0.400901
0.299676
0.28791
0.114243
0.417667
0.146295
0.524061
0.579831
0.493579
0.52363
0.700499
0.308833
0.611737
0.897574
0.532777
0.319118
0.739112
0.442019
0.442976
0.2138
0.604225
0.448753
0.617071
0.54031
0.614041
0.731826
0.391749
0.467162
0.565846
0.50798
0.574958
0.416124
0.333809
0.669969
0.568222
0.489381
0.445555
0.631993
0.623936
0.370525
0.754669
0.66374
0.600815
0.558061
0.533202
0.585319
0.597034
0.617716
0.679848
0.635844
0.355091
0.628116
0.686585
0.380151
0.636585
0.604844
0.400425
0.245959
0.231831
0.580876
0.649069
0.400082
0.644536
0.539117
0.391568
0.426428
0.674629
0.754843
0.446437
0.522339
0.688147
0.541402
0.407728
0.502644
0.565973
0.907653
0.328493
0.341255
0.914138
0.368163
0.594613
0.741212
0.461705
0.449035
0.399522
0.695523
0.366339
0.551961
0.630303
0.694099
0.367582
0.494813
0.2261
0.574054
0.375778
0.497126
0.525215
0.38175
0.246587
0.620184
0.545347
0.590851
0.576276
0.48976
0.643018
0.795106
0.407166
0.532078
0.552697
0.233029
0.551594
0.700219
0.723679
0.508759
0.692239
0.305752
0.831708
0.381872
0.424178
0.486698
0.622266
0.836235
0.436831
0.290603
0.611978
0.809
0.387308
0.297051
0.629776
0.168903
0.506439
0.426066
0.688448
0.536115
0.197817
0.482056
0.402281
0.286978
0.716705
0.434388
0.45707
0.279576
0.396555
0.146767
0.345343
0.617862
0.280706
0.262334
0.658782
0.382633
0.31634
0.394543
0.629942
0.487468
0.347952
0.514421
0.294536
0.471757
0.562445
0.758041
0.894282
0.48881
0.24478
0.490777
0.512618
0.311845
0.302485
0.459138
0.73864
0.414098
0.701321
0.589839
0.588619
0.394033
0.651254
0.417044
0.751488
0.407082
0.49657
0.45802
0.105171
0.450039
0.571704
0.287281
0.401534
0.408491
0.336281
0.643235
0.542006
0.233053
0.608991
0.28403
0.601617
0.576929
0.580737
0.394111
0.831765
0.0385061
0.338576
0.705006
0.45564
0.345266
0.488152
0.419542
0.368085
0.399996
0.3768
0.448776
0.675821
0.440529
0.487323
0.454371
0.869517
0.38517
0.238351
0.675642
0.653949
0.584361
0.386612
0.706867
0.301742
0.65452
0.722777
0.534316
0.67689
0.551239
0.503568
0.488938
0.278506
0.310891
0.478586
0.565996
0.569889
0.733951
0.263972
0.529409
0.248334
0.433869
0.329841
0.40795
0.295267
0.42679
0.397562
0.578952
0.563277
0.61775
0.517211
0.281583
0.394608
0.748794
0.411144
0.283417
0.546201
0.42528
0.453896
0.414023
0.761121
0.164408
0.309306
0.459731
0.615121
0.561492
0.586383
0.612971
0.342309
0.474004
0.162812
0.629064
0.54498
0.491171
0.610395
0.583779
0.299935
0.355002
0.471921
0.714469
0.533073
0.483926
0.425055
0.421757
0.769705
0.297614
0.656186
0.22919
0.626259
0.331253
0.24997
0.650865
0.322851
0.651336
0.547438
0.814544
0.262287
0.658382
0.36356
0.386491
0.805641
0.311963
0.592704
0.515621
0.518377
0.206683
0.491989
0.790143
0.683594
0.51007
0.372129
0.326389
0.793951
0.539297
0.390703
0.245555
0.439186
0.618417
0.549288
0.296613
0.670944
0.394001
0.163102
0.367059
0.331487
0.250063
0.699255
0.394743
0.705136
0.676536
0.59782
0.515928
0.361244
0.68913
0.511002
0.444959
0.696487
0.276595
0.351635
0.653815
0.244195
0.311795
0.715498
0.436284
0.578581
0.156015
0.573362
0.552084
0.342995
0.502585
0.557755
0.512397
0.483852
0.684543
0.455187
0.282703
0.241071
0.690791
0.403368
0.642582
0.703423
0.660746
0.630869
0.617711
0.46001
0.620552
0.558331
0.599357
0.584933
0.572813
0.592829
0.436161
0.293428
0.603145
0.286553
0.866799
0.587324
0.706955
0.595822
0.576734
0.472891
0.450565
0.763782
0.5332
0.23984
0.247278
0.359691
0.732565
0.532328
0.317637
0.74897
0.495665
0.528277
0.737738
0.168176
0.622916
0.510787
0.77077
0.422408
0.60882
0.164596
0.423889
0.854033
0.530716
0.407836
0.672146
0.815923
0.47971
0.496452
0.725163
0.362478
0.499249
0.488039
0.446512
0.642935
0.47697
0.686402
0.479412
0.403095
0.415319


#Dataset
#N:10,n:998
0.674958
0.499999
0.41507
0.538277
0.613548
0.513806
0.383767
0.560159
0.412933
0.438775
0.448967
0.513239
0.376143
0.400726
0.388281
0.463645
0.424866
0.603013
0.509437
0.545693
0.488294
0.436104
0.475619
0.497962
0.529034
0.5401
0.610279
0.50639
0.443671
0.484871
0.655308
0.483066
0.44224
0.302377
0.441567
0.700513
0.478143
0.491832
0.355767
0.524609
0.335645
0.450971
0.42375
0.366784
0.398675
0.584311
0.235435
0.422354
0.648765
0.557696
0.601525
0.513827
0.44678
0.411465
0.489504
0.411785
0.532247
0.504292
0.503493
0.399215
0.336162
0.355996
0.589995
0.652433
0.464016
0.419312
0.426345
0.686809
0.465656
0.525003
0.341618
0.481735
0.440448
0.417429
0.506194
0.279833
0.592591
0.466689
0.500097
0.452666
0.550156
0.487545
0.477266
0.550825
0.498172
0.477712
0.536183
0.527959
0.39314
0.551111
0.542054
0.526374
0.479337
0.625968
0.621016
0.441554
0.568899
0.477562
0.528606
0.431977
0.568463
0.577147
0.461297
0.350066
0.639852
0.59144
0.46275
0.452965
0.526018
0.498247
0.689608
0.492186
0.359939
0.5021
0.566919
0.562405
0.4796
0.545218
0.474415
0.539302
0.532162
0.755838
0.474933
0.532715
0.525468
0.401275
0.755105
0.595712
0.420025
0.426837
0.506117
0.437322
0.303012
0.534403
0.650443
0.394664
0.401752
0.53003
0.493676
0.317975
0.673881
0.468285
0.516773
0.440536
0.540349
0.521129
0.407926
0.377335
0.456446
0.569397
0.496299
0.478889
0.463437
0.408915
0.357259
0.457507
0.417615
0.506055
0.429393
0.460973
0.660882
0.481424
0.464414
0.539632
0.482302
0.516995
0.44453
0.547246
0.695219
0.491127
0.379044
0.518974
0.556841
0.693484
0.59885
0.546753
0.432054
0.530672
0.377635
0.571626
0.395873
0.568643
0.434119
0.466156
0.629938
0.428012
0.574104
0.525898
0.672783
0.696031
0.448134
0.610753
0.420464
0.480522
0.437812
0.434767
0.534388
0.635551
0.621391
0.40891
0.452623
0.477023
0.596592
0.579512
0.521011
0.438887
0.450802
0.517537
0.519283
0.444502
0.521569
0.621893
0.518808
0.437383
0.319135
0.588838
0.366549
0.54676
0.553183
0.650201
0.526866
0.477201
0.536837
0.551009
0.396789
0.404218
0.408162
0.612526
0.502612
0.624136
0.494521
0.395818
0.547062
0.58229
0.332742
0.491412
0.564049
0.425153
0.46068
0.445862
0.474473
0.277861
0.56599
0.567215
0.628615
0.489853
0.484349
0.422275
0.392541
0.581776
0.366973
0.44373
0.51409
0.582605
0.644256
0.435217
0.457635
0.499348
0.401537
0.593439
0.534095
0.60413
0.564556
0.461972
0.465008
0.565203
0.533894
0.539508
0.54768
0.475625
0.486471
0.468268
0.575417
0.455491
0.46079
0.531842
0.415777
0.607909
0.44007
0.651778
0.333436
0.509658
0.592805
0.566367
0.434098
0.493863
0.586922
0.505302
0.61176
0.456562
0.480065
0.459713
0.419016
0.600409
0.371069
0.683112
0.552604
0.504475
0.543689
0.648353
0.423958
0.614302
0.419972
0.425043
0.460876
0.367857
0.519828
0.455751
0.480977
0.529061
0.569909
0.55071
0.363262
0.432847
0.479678
0.498796
0.48935
0.689172
0.519395
0.398866
0.436462
0.625257
0.474923
0.375479
0.506559
0.422577
0.512192
0.537917
0.593525
0.591049
0.554939
0.396405
0.427177
0.544503
0.632702
0.438695
0.466669
0.430243
0.475075
0.510189
0.521625
0.397003
0.593977
0.51235
0.548042
0.530875
0.294957
0.39621
0.526399
0.443655
0.58138
0.450764
0.490907
0.478542
0.443934
0.344107
0.615003
0.380503
0.438733
0.44739
0.481962
0.505424
0.686565
0.383373
0.638379
0.639119
0.48882
0.536872
0.616971
0.486476
0.506501
0.537585
0.675127
0.607189
0.586277
0.534532
0.584493
0.488415
0.458164
0.553352
0.442701
0.48491
0.3509
0.354939
0.607283
0.477273
0.545852
0.588535
0.562134
0.441446
0.553415
0.408347
0.547997
0.541266
0.535055
0.478513
0.523461
0.46402
0.477134
0.550519
0.259582
0.583366
0.477957
0.505009
0.583267
0.615899
0.500469
0.51684
0.585199
0.403505
0.611
0.393118
0.555972
0.471294
0.428795
0.573551
0.459688
0.538491
0.534136
0.49233
0.330781
0.634642
0.380788
0.478807
0.510492
0.400235
0.353333
0.482348
0.496878
0.53407
0.342549
0.375579
0.547953
0.440007
0.49884
0.437869
0.312327
0.617223
0.633369
0.526903
0.499725
0.342419
0.255903
0.605788
0.517257
0.470329
0.527174
0.471928
0.550904
0.420543
0.470327
0.385531
0.32666
0.495409
0.541773
0.409608
0.454697
0.475218
0.4179
0.565026
0.601813
0.567366
0.535521
0.347663
0.503392
0.525984
0.417659
0.505594
0.504224
0.575309
0.646678
0.557722
0.459765
0.440989
0.482078
0.316261
0.50823
0.466795
0.533408
0.517333
0.765221
0.597245
0.378532
0.562338
0.36166
0.506832
0.382906
0.54396
0.690407
0.464153
0.631704
0.688504
0.52828
0.479241
0.379462
0.598485
0.357634
0.457276
0.603453
0.451007
0.448013
0.325269
0.360642
0.529644
0.518735
0.423388
0.356614
0.520059
0.382996
0.526796
0.448455
0.40875
0.552982
0.482878
0.561387
0.534974
0.537899
0.52523
0.541375
0.524009
0.515637
0.470966
0.539763
0.551637
0.548588
0.547194
0.474767
0.476893
0.571295
0.341135
0.442683
0.617115
0.313085
0.400917
0.608687
0.442217
0.328473
0.419669
0.382884
0.433356
0.469804
0.553645
0.504885
0.423725
0.580774
0.633409
0.510244
0.502049
0.436493
0.431459
0.496764
0.388482
0.337895
0.520344
0.545919
0.421468
0.431505
0.562517
0.285613
0.538902
0.465503
0.408014
0.573361
0.304991
0.354094
0.490651
0.611745
0.382506
0.425705
0.521415
0.436176
0.587279
0.472473
0.430603
0.405758
0.488635
0.346669
0.509621
0.388368
0.450771
0.440741
0.647292
0.540257
0.401358
0.611347
0.579784
0.634095
0.607376
0.466994
0.455929
0.52733
0.5834
0.439449
0.579169
0.530303
0.528716
0.581511
0.544017
0.566562
0.456124
0.760231
0.483271
0.635839
0.464418
0.43774
0.350599
0.533691
0.523475
0.628466
0.399078
0.463026
0.576713
0.477672
0.411704
0.697547
0.54118
0.695967
0.570013
0.521394
0.553245
0.565862
0.500834
0.559379
0.420565
0.463393
0.574159
0.606986
0.400435
0.499332
0.504463
0.444345
0.442248
0.532212
0.483906
0.545964
0.585844
0.429788
0.547107
0.401416
0.528105
0.319679
0.360081
0.395548
0.539442
0.554953
0.575044
0.481412
0.495156
0.594242
0.410676
0.41918
0.389469
0.453055
0.678231
0.47511
0.477183
0.669815
0.44511
0.479155
0.572422
0.62713
0.593254
0.498125
0.572965
0.569002
0.493015
0.636374
0.585242
0.591095
0.542721
0.425493
0.535735
0.533377
0.643546
0.571441
0.659504
0.485951
0.503922
0.379669
0.709617
0.373414
0.575242
0.485342
0.543596
0.478425
0.58808
0.398377
0.653218
0.653451
0.506984
0.543199
0.341042
0.462783
0.445001
0.478827
0.506946
0.541825
0.625141
0.491664
0.342236
0.463581
0.465075
0.419711
0.628747
0.474652
0.536209
0.504403
0.50014
0.566893
0.623548
0.347325
0.45828
0.388943
0.437643
0.541377
0.659152
0.554166
0.537689
0.38001
0.571166
0.501171
0.361173
0.467637
0.29356
0.545274
0.54173
0.453209
0.662318
0.380172
0.418803
0.391934
0.550399
0.429242
0.431633
0.4078
0.466045
0.42401
0.420464
0.346284
0.328301
0.565069
0.448953
0.70911
0.48514
0.660576
0.278497
0.560778
0.520996
0.632266
0.440135
0.433413
0.529923
0.329174
0.541352
0.415029
0.473909
0.44391
0.515416
0.546682
0.348679
0.487859
0.61711
0.395365
0.653683
0.447715
0.444393
0.614605
0.457712
0.325005
0.522794
0.410673
0.599127
0.385391
0.366007
0.554774
0.55629
0.596738
0.479445
0.529362
0.420665
0.537151
0.418636
0.434286
0.571208
0.401067
0.548798
0.449253
0.571146
0.554235
0.4564
0.405765
0.60996
0.55942
0.477997
0.403099
0.381613
0.730349
0.455193
0.412082
0.563453
0.455692
0.481156
0.711271
0.561574
0.350034
0.40486
0.401118
0.363342
0.505262
0.578953
0.284023
0.577116
0.424496
0.555083
0.538597
0.241272
0.556145
0.670222
0.515353
0.473574
0.493206
0.410732
0.521928
0.461151
0.40448
0.370763
0.385776
0.431096
0.503339
0.566523
0.498153
0.591457
0.557281
0.581493
0.360425
0.409666
0.496953
0.570817
0.624102
0.453176
0.319474
0.473052
0.587765
0.453705
0.586944
0.693363
0.544828
0.49987
0.360732
0.682118
0.530684
0.624033
0.566985
0.448866
0.395658
0.472282
0.566095
0.553811
0.378548
0.315979
0.313192
0.542104
0.466649
0.543854
0.616058
0.676337
0.56661
0.471112
0.576613
0.495221
0.366276
0.406305
0.481609
0.40234
0.63539
0.51092
0.355619
0.558348
0.565872
0.550498
0.516066
0.630005
0.453761
0.483285
0.491285
0.399752
0.548334
0.519662
0.555332
0.456766
0.624058
0.465087
0.449092
0.502274
0.451982
0.281812
0.59797
0.671624
0.44091
0.511005
0.605282
0.475352
0.68982
0.399853
0.633145
0.539031
0.635322
0.436124
0.538206
0.532446
0.620168
0.575988
0.605968
0.312712
0.468536
0.345583
0.619345
0.537031
0.630543
0.541128
0.609991
0.529654
0.405179
0.507987
0.566105
0.399995
0.48039
0.52878
0.439318
0.433101
0.522914
0.452583
0.458358
0.352474
0.466054
0.477446
0.38944
0.336842
0.534851
0.465515
0.490716
0.500558
0.580397
0.433016
0.575128
0.476027
0.427289
0.591671
0.411579
0.695956
0.473767
0.609431
0.352288
0.389761
0.39344
0.520764
0.543393
0.511641
0.520442
0.442804
0.584268
0.510732
0.472642
0.578917
0.490828
0.611205
0.551445
0.509387
0.587524
0.408739
0.583723
0.523364
0.490979
0.600242
0.351978
0.342778
0.62448
0.450976
0.362814
0.644984
0.496116
0.468072
0.484365
0.579691
0.414021
0.571695
0.632343
0.519791
0.434504
0.534486
0.579627
0.58419
0.502281
0.386505
0.551419
0.541048
0.446825
0.421084


