Bin	Quantity	Sum	Percent
4	3	3	0.02998800479808
5	8,398	8,401	83.97640943623
6	322	8,723	87.19512195122
7	196	8,919	89.15433826469
8	140	9,059	90.5537784886
9	112	9,171	91.67333066773
10	98	9,269	92.65293882447
11	69	9,338	93.34266293483
12	64	9,402	93.98240703719
13	64	9,466	94.62215113954
14	52	9,518	95.14194322271
15	33	9,551	95.47181127549
16	33	9,584	95.80167932827
17	35	9,619	96.15153938425
18	21	9,640	96.36145541783
19	21	9,661	96.57137145142
20	18	9,679	96.75129948021
21	14	9,693	96.8912435026
22	26	9,719	97.15113954418
23	22	9,741	97.37105157937
24	10	9,751	97.47101159536
25	17	9,768	97.64094362255
26	8	9,776	97.72091163535
27	4	9,780	97.76089564174
28	11	9,791	97.87085165934
29	8	9,799	97.95081967213
30	11	9,810	98.06077568972
31	9	9,819	98.15073970412
32	4	9,823	98.19072371052
33	6	9,829	98.25069972011
34	4	9,833	98.29068372651
35	4	9,837	98.33066773291
36	7	9,844	98.4006397441
37	4	9,848	98.4406237505
38	8	9,856	98.52059176329
39	3	9,859	98.55057976809
40	5	9,864	98.60055977609
41	4	9,868	98.64054378249
42	5	9,873	98.69052379048
43	6	9,879	98.75049980008
44	5	9,884	98.80047980808
45	6	9,890	98.86045581767
46	3	9,893	98.89044382247
47	1	9,894	98.90043982407
48	3	9,897	98.93042782887
49	3	9,900	98.96041583367
50	2	9,902	98.98040783687
51	1	9,903	98.99040383846
52	1	9,904	99.00039984006
53	5	9,909	99.05037984806
54	5	9,914	99.10035985606
55	1	9,915	99.11035585766
56	2	9,917	99.13034786086
57	1	9,918	99.14034386246
58	1	9,919	99.15033986405
59	1	9,920	99.16033586565
60	3	9,923	99.19032387045
61	0	9,923	99.19032387045
62	1	9,924	99.20031987205
63	2	9,926	99.22031187525
64	3	9,929	99.25029988005
65	0	9,929	99.25029988005
66	1	9,930	99.26029588165
67	0	9,930	99.26029588165
68	0	9,930	99.26029588165
69	0	9,930	99.26029588165
70	0	9,930	99.26029588165
71	1	9,931	99.27029188325
72	0	9,931	99.27029188325
73	1	9,932	99.28028788485
74	5	9,937	99.33026789284
75	1	9,938	99.34026389444
76	0	9,938	99.34026389444
77	2	9,940	99.36025589764
78	0	9,940	99.36025589764
79	0	9,940	99.36025589764
80	1	9,941	99.37025189924
81	1	9,942	99.38024790084
82	0	9,942	99.38024790084
83	1	9,943	99.39024390244
84	3	9,946	99.42023190724
85	2	9,948	99.44022391044
86	1	9,949	99.45021991204
87	0	9,949	99.45021991204
88	1	9,950	99.46021591363
89	0	9,950	99.46021591363
90	3	9,953	99.49020391843
91	1	9,954	99.50019992003
92	1	9,955	99.51019592163
93	0	9,955	99.51019592163
94	1	9,956	99.52019192323
95	0	9,956	99.52019192323
96	0	9,956	99.52019192323
97	0	9,956	99.52019192323
98	0	9,956	99.52019192323
99	2	9,958	99.54018392643
100	3	9,961	99.57017193123
101	0	9,961	99.57017193123
102	0	9,961	99.57017193123
103	0	9,961	99.57017193123
104	2	9,963	99.59016393443
105	0	9,963	99.59016393443
106	0	9,963	99.59016393443
107	0	9,963	99.59016393443
108	0	9,963	99.59016393443
109	2	9,965	99.61015593762
110	0	9,965	99.61015593762
111	1	9,966	99.62015193922
112	0	9,966	99.62015193922
113	0	9,966	99.62015193922
114	2	9,968	99.64014394242
115	0	9,968	99.64014394242
116	0	9,968	99.64014394242
117	1	9,969	99.65013994402
118	0	9,969	99.65013994402
119	0	9,969	99.65013994402
120	0	9,969	99.65013994402
121	0	9,969	99.65013994402
122	0	9,969	99.65013994402
123	0	9,969	99.65013994402
124	1	9,970	99.66013594562
125	0	9,970	99.66013594562
126	0	9,970	99.66013594562
127	1	9,971	99.67013194722
128	0	9,971	99.67013194722
129	0	9,971	99.67013194722
130	0	9,971	99.67013194722
131	0	9,971	99.67013194722
132	0	9,971	99.67013194722
133	0	9,971	99.67013194722
134	0	9,971	99.67013194722
135	0	9,971	99.67013194722
136	0	9,971	99.67013194722
137	0	9,971	99.67013194722
138	1	9,972	99.68012794882
139	1	9,973	99.69012395042
140	0	9,973	99.69012395042
141	0	9,973	99.69012395042
142	0	9,973	99.69012395042
143	2	9,975	99.71011595362
144	0	9,975	99.71011595362
145	0	9,975	99.71011595362
146	0	9,975	99.71011595362
147	0	9,975	99.71011595362
148	0	9,975	99.71011595362
149	0	9,975	99.71011595362
150	0	9,975	99.71011595362
151	0	9,975	99.71011595362
152	0	9,975	99.71011595362
153	0	9,975	99.71011595362
154	0	9,975	99.71011595362
155	0	9,975	99.71011595362
156	0	9,975	99.71011595362
157	2	9,977	99.73010795682
158	0	9,977	99.73010795682
159	0	9,977	99.73010795682
160	0	9,977	99.73010795682
161	1	9,978	99.74010395842
162	1	9,979	99.75009996002
163	0	9,979	99.75009996002
164	1	9,980	99.76009596162
165	0	9,980	99.76009596162
166	0	9,980	99.76009596162
167	0	9,980	99.76009596162
168	0	9,980	99.76009596162
169	0	9,980	99.76009596162
170	0	9,980	99.76009596162
171	0	9,980	99.76009596162
172	0	9,980	99.76009596162
173	1	9,981	99.77009196321
174	0	9,981	99.77009196321
175	1	9,982	99.78008796481
176	0	9,982	99.78008796481
177	0	9,982	99.78008796481
178	1	9,983	99.79008396641
179	0	9,983	99.79008396641
180	0	9,983	99.79008396641
181	0	9,983	99.79008396641
182	0	9,983	99.79008396641
183	1	9,984	99.80007996801
184	0	9,984	99.80007996801
185	0	9,984	99.80007996801
186	0	9,984	99.80007996801
187	0	9,984	99.80007996801
188	1	9,985	99.81007596961
189	0	9,985	99.81007596961
190	0	9,985	99.81007596961
191	0	9,985	99.81007596961
192	0	9,985	99.81007596961
193	0	9,985	99.81007596961
194	0	9,985	99.81007596961
195	0	9,985	99.81007596961
196	0	9,985	99.81007596961
197	0	9,985	99.81007596961
198	0	9,985	99.81007596961
199	0	9,985	99.81007596961
200	0	9,985	99.81007596961
201	0	9,985	99.81007596961
202	0	9,985	99.81007596961
203	0	9,985	99.81007596961
204	0	9,985	99.81007596961
205	0	9,985	99.81007596961
206	0	9,985	99.81007596961
207	0	9,985	99.81007596961
208	0	9,985	99.81007596961
209	0	9,985	99.81007596961
210	0	9,985	99.81007596961
211	0	9,985	99.81007596961
212	0	9,985	99.81007596961
213	0	9,985	99.81007596961
214	0	9,985	99.81007596961
215	0	9,985	99.81007596961
216	0	9,985	99.81007596961
217	0	9,985	99.81007596961
218	0	9,985	99.81007596961
219	0	9,985	99.81007596961
220	0	9,985	99.81007596961
221	0	9,985	99.81007596961
222	0	9,985	99.81007596961
223	0	9,985	99.81007596961
224	0	9,985	99.81007596961
225	0	9,985	99.81007596961
226	0	9,985	99.81007596961
227	0	9,985	99.81007596961
228	0	9,985	99.81007596961
229	1	9,986	99.82007197121
230	0	9,986	99.82007197121
231	0	9,986	99.82007197121
232	0	9,986	99.82007197121
233	0	9,986	99.82007197121
234	0	9,986	99.82007197121
235	1	9,987	99.83006797281
236	0	9,987	99.83006797281
237	0	9,987	99.83006797281
238	0	9,987	99.83006797281
239	0	9,987	99.83006797281
240	0	9,987	99.83006797281
241	0	9,987	99.83006797281
242	0	9,987	99.83006797281
243	0	9,987	99.83006797281
244	0	9,987	99.83006797281
245	0	9,987	99.83006797281
246	0	9,987	99.83006797281
247	1	9,988	99.84006397441
248	0	9,988	99.84006397441
249	1	9,989	99.85005997601
250	0	9,989	99.85005997601
251	0	9,989	99.85005997601
252	0	9,989	99.85005997601
253	0	9,989	99.85005997601
254	0	9,989	99.85005997601
255	0	9,989	99.85005997601
256	0	9,989	99.85005997601
257	0	9,989	99.85005997601
258	0	9,989	99.85005997601
259	0	9,989	99.85005997601
260	0	9,989	99.85005997601
261	0	9,989	99.85005997601
262	0	9,989	99.85005997601
263	1	9,990	99.86005597761
264	0	9,990	99.86005597761
265	0	9,990	99.86005597761
266	0	9,990	99.86005597761
267	0	9,990	99.86005597761
268	0	9,990	99.86005597761
269	0	9,990	99.86005597761
270	0	9,990	99.86005597761
271	0	9,990	99.86005597761
272	0	9,990	99.86005597761
273	0	9,990	99.86005597761
274	0	9,990	99.86005597761
275	1	9,991	99.87005197921
276	0	9,991	99.87005197921
277	1	9,992	99.88004798081
278	0	9,992	99.88004798081
279	0	9,992	99.88004798081
280	0	9,992	99.88004798081
281	0	9,992	99.88004798081
282	0	9,992	99.88004798081
283	0	9,992	99.88004798081
284	0	9,992	99.88004798081
285	0	9,992	99.88004798081
286	0	9,992	99.88004798081
287	0	9,992	99.88004798081
288	1	9,993	99.89004398241
289	0	9,993	99.89004398241
290	0	9,993	99.89004398241
291	0	9,993	99.89004398241
292	0	9,993	99.89004398241
293	0	9,993	99.89004398241
294	0	9,993	99.89004398241
295	0	9,993	99.89004398241
296	0	9,993	99.89004398241
297	0	9,993	99.89004398241
298	0	9,993	99.89004398241
299	0	9,993	99.89004398241
300	0	9,993	99.89004398241
301	0	9,993	99.89004398241
302	0	9,993	99.89004398241
303	0	9,993	99.89004398241
304	0	9,993	99.89004398241
305	0	9,993	99.89004398241
306	0	9,993	99.89004398241
307	0	9,993	99.89004398241
308	0	9,993	99.89004398241
309	0	9,993	99.89004398241
310	0	9,993	99.89004398241
311	0	9,993	99.89004398241
312	0	9,993	99.89004398241
313	0	9,993	99.89004398241
314	0	9,993	99.89004398241
315	0	9,993	99.89004398241
316	0	9,993	99.89004398241
317	0	9,993	99.89004398241
318	0	9,993	99.89004398241
319	0	9,993	99.89004398241
320	0	9,993	99.89004398241
321	0	9,993	99.89004398241
322	0	9,993	99.89004398241
323	0	9,993	99.89004398241
324	0	9,993	99.89004398241
325	0	9,993	99.89004398241
326	0	9,993	99.89004398241
327	0	9,993	99.89004398241
328	0	9,993	99.89004398241
329	0	9,993	99.89004398241
330	0	9,993	99.89004398241
331	1	9,994	99.90003998401
332	0	9,994	99.90003998401
333	0	9,994	99.90003998401
334	0	9,994	99.90003998401
335	0	9,994	99.90003998401
336	0	9,994	99.90003998401
337	0	9,994	99.90003998401
338	1	9,995	99.91003598561
339	1	9,996	99.92003198721
340	0	9,996	99.92003198721
341	0	9,996	99.92003198721
342	0	9,996	99.92003198721
343	0	9,996	99.92003198721
344	0	9,996	99.92003198721
345	0	9,996	99.92003198721
346	0	9,996	99.92003198721
347	0	9,996	99.92003198721
348	0	9,996	99.92003198721
349	0	9,996	99.92003198721
350	0	9,996	99.92003198721
351	0	9,996	99.92003198721
352	0	9,996	99.92003198721
353	0	9,996	99.92003198721
354	0	9,996	99.92003198721
355	0	9,996	99.92003198721
356	0	9,996	99.92003198721
357	0	9,996	99.92003198721
358	0	9,996	99.92003198721
359	0	9,996	99.92003198721
360	0	9,996	99.92003198721
361	0	9,996	99.92003198721
362	0	9,996	99.92003198721
363	0	9,996	99.92003198721
364	0	9,996	99.92003198721
365	0	9,996	99.92003198721
366	0	9,996	99.92003198721
367	0	9,996	99.92003198721
368	0	9,996	99.92003198721
369	0	9,996	99.92003198721
370	0	9,996	99.92003198721
371	0	9,996	99.92003198721
372	0	9,996	99.92003198721
373	0	9,996	99.92003198721
374	0	9,996	99.92003198721
375	0	9,996	99.92003198721
376	0	9,996	99.92003198721
377	0	9,996	99.92003198721
378	0	9,996	99.92003198721
379	0	9,996	99.92003198721
380	0	9,996	99.92003198721
381	0	9,996	99.92003198721
382	0	9,996	99.92003198721
383	0	9,996	99.92003198721
384	0	9,996	99.92003198721
385	0	9,996	99.92003198721
386	0	9,996	99.92003198721
387	0	9,996	99.92003198721
388	0	9,996	99.92003198721
389	0	9,996	99.92003198721
390	0	9,996	99.92003198721
391	0	9,996	99.92003198721
392	0	9,996	99.92003198721
393	0	9,996	99.92003198721
394	0	9,996	99.92003198721
395	0	9,996	99.92003198721
396	0	9,996	99.92003198721
397	0	9,996	99.92003198721
398	0	9,996	99.92003198721
399	0	9,996	99.92003198721
400	0	9,996	99.92003198721
401	0	9,996	99.92003198721
402	0	9,996	99.92003198721
403	0	9,996	99.92003198721
404	0	9,996	99.92003198721
405	0	9,996	99.92003198721
406	0	9,996	99.92003198721
407	0	9,996	99.92003198721
408	0	9,996	99.92003198721
409	0	9,996	99.92003198721
410	0	9,996	99.92003198721
411	0	9,996	99.92003198721
412	0	9,996	99.92003198721
413	0	9,996	99.92003198721
414	0	9,996	99.92003198721
415	0	9,996	99.92003198721
416	0	9,996	99.92003198721
417	0	9,996	99.92003198721
418	0	9,996	99.92003198721
419	0	9,996	99.92003198721
420	0	9,996	99.92003198721
421	0	9,996	99.92003198721
422	0	9,996	99.92003198721
423	0	9,996	99.92003198721
424	0	9,996	99.92003198721
425	0	9,996	99.92003198721
426	0	9,996	99.92003198721
427	0	9,996	99.92003198721
428	0	9,996	99.92003198721
429	0	9,996	99.92003198721
430	0	9,996	99.92003198721
431	0	9,996	99.92003198721
432	0	9,996	99.92003198721
433	0	9,996	99.92003198721
434	0	9,996	99.92003198721
435	0	9,996	99.92003198721
436	0	9,996	99.92003198721
437	0	9,996	99.92003198721
438	0	9,996	99.92003198721
439	0	9,996	99.92003198721
440	0	9,996	99.92003198721
441	0	9,996	99.92003198721
442	0	9,996	99.92003198721
443	0	9,996	99.92003198721
444	0	9,996	99.92003198721
445	0	9,996	99.92003198721
446	0	9,996	99.92003198721
447	0	9,996	99.92003198721
448	0	9,996	99.92003198721
449	0	9,996	99.92003198721
450	0	9,996	99.92003198721
451	0	9,996	99.92003198721
452	0	9,996	99.92003198721
453	0	9,996	99.92003198721
454	0	9,996	99.92003198721
455	0	9,996	99.92003198721
456	0	9,996	99.92003198721
457	0	9,996	99.92003198721
458	0	9,996	99.92003198721
459	0	9,996	99.92003198721
460	0	9,996	99.92003198721
461	0	9,996	99.92003198721
462	0	9,996	99.92003198721
463	0	9,996	99.92003198721
464	0	9,996	99.92003198721
465	0	9,996	99.92003198721
466	0	9,996	99.92003198721
467	0	9,996	99.92003198721
468	0	9,996	99.92003198721
469	0	9,996	99.92003198721
470	0	9,996	99.92003198721
471	0	9,996	99.92003198721
472	0	9,996	99.92003198721
473	0	9,996	99.92003198721
474	0	9,996	99.92003198721
475	0	9,996	99.92003198721
476	0	9,996	99.92003198721
477	0	9,996	99.92003198721
478	0	9,996	99.92003198721
479	0	9,996	99.92003198721
480	0	9,996	99.92003198721
481	0	9,996	99.92003198721
482	0	9,996	99.92003198721
483	0	9,996	99.92003198721
484	0	9,996	99.92003198721
485	0	9,996	99.92003198721
486	0	9,996	99.92003198721
487	0	9,996	99.92003198721
488	0	9,996	99.92003198721
489	0	9,996	99.92003198721
490	0	9,996	99.92003198721
491	0	9,996	99.92003198721
492	0	9,996	99.92003198721
493	1	9,997	99.9300279888
494	0	9,997	99.9300279888
495	0	9,997	99.9300279888
496	0	9,997	99.9300279888
497	0	9,997	99.9300279888
498	0	9,997	99.9300279888
499	0	9,997	99.9300279888
500	0	9,997	99.9300279888
501	0	9,997	99.9300279888
502	0	9,997	99.9300279888
503	0	9,997	99.9300279888
504	0	9,997	99.9300279888
505	0	9,997	99.9300279888
506	0	9,997	99.9300279888
507	0	9,997	99.9300279888
508	0	9,997	99.9300279888
509	0	9,997	99.9300279888
510	0	9,997	99.9300279888
511	0	9,997	99.9300279888
512	0	9,997	99.9300279888
513	0	9,997	99.9300279888
514	0	9,997	99.9300279888
515	0	9,997	99.9300279888
516	0	9,997	99.9300279888
517	0	9,997	99.9300279888
518	0	9,997	99.9300279888
519	0	9,997	99.9300279888
520	0	9,997	99.9300279888
521	0	9,997	99.9300279888
522	0	9,997	99.9300279888
523	0	9,997	99.9300279888
524	0	9,997	99.9300279888
525	0	9,997	99.9300279888
526	0	9,997	99.9300279888
527	0	9,997	99.9300279888
528	0	9,997	99.9300279888
529	0	9,997	99.9300279888
530	0	9,997	99.9300279888
531	0	9,997	99.9300279888
532	0	9,997	99.9300279888
533	0	9,997	99.9300279888
534	0	9,997	99.9300279888
535	0	9,997	99.9300279888
536	0	9,997	99.9300279888
537	0	9,997	99.9300279888
538	0	9,997	99.9300279888
539	0	9,997	99.9300279888
540	0	9,997	99.9300279888
541	0	9,997	99.9300279888
542	0	9,997	99.9300279888
543	0	9,997	99.9300279888
544	0	9,997	99.9300279888
545	1	9,998	99.9400239904
546	0	9,998	99.9400239904
547	0	9,998	99.9400239904
548	0	9,998	99.9400239904
549	0	9,998	99.9400239904
550	0	9,998	99.9400239904
551	0	9,998	99.9400239904
552	0	9,998	99.9400239904
553	0	9,998	99.9400239904
554	0	9,998	99.9400239904
555	0	9,998	99.9400239904
556	0	9,998	99.9400239904
557	0	9,998	99.9400239904
558	0	9,998	99.9400239904
559	0	9,998	99.9400239904
560	0	9,998	99.9400239904
561	0	9,998	99.9400239904
562	0	9,998	99.9400239904
563	0	9,998	99.9400239904
564	0	9,998	99.9400239904
565	0	9,998	99.9400239904
566	0	9,998	99.9400239904
567	0	9,998	99.9400239904
568	0	9,998	99.9400239904
569	0	9,998	99.9400239904
570	0	9,998	99.9400239904
571	0	9,998	99.9400239904
572	0	9,998	99.9400239904
573	0	9,998	99.9400239904
574	0	9,998	99.9400239904
575	0	9,998	99.9400239904
576	0	9,998	99.9400239904
577	0	9,998	99.9400239904
578	0	9,998	99.9400239904
579	0	9,998	99.9400239904
580	0	9,998	99.9400239904
581	0	9,998	99.9400239904
582	0	9,998	99.9400239904
583	0	9,998	99.9400239904
584	0	9,998	99.9400239904
585	0	9,998	99.9400239904
586	0	9,998	99.9400239904
587	0	9,998	99.9400239904
588	0	9,998	99.9400239904
589	0	9,998	99.9400239904
590	0	9,998	99.9400239904
591	0	9,998	99.9400239904
592	0	9,998	99.9400239904
593	0	9,998	99.9400239904
594	1	9,999	99.950019992
595	0	9,999	99.950019992
596	0	9,999	99.950019992
597	0	9,999	99.950019992
598	0	9,999	99.950019992
599	0	9,999	99.950019992
600	0	9,999	99.950019992
601	0	9,999	99.950019992
602	0	9,999	99.950019992
603	0	9,999	99.950019992
604	0	9,999	99.950019992
605	0	9,999	99.950019992
606	0	9,999	99.950019992
607	0	9,999	99.950019992
608	0	9,999	99.950019992
609	0	9,999	99.950019992
610	0	9,999	99.950019992
611	0	9,999	99.950019992
612	0	9,999	99.950019992
613	0	9,999	99.950019992
614	0	9,999	99.950019992
615	0	9,999	99.950019992
616	0	9,999	99.950019992
617	0	9,999	99.950019992
618	0	9,999	99.950019992
619	0	9,999	99.950019992
620	0	9,999	99.950019992
621	0	9,999	99.950019992
622	0	9,999	99.950019992
623	0	9,999	99.950019992
624	0	9,999	99.950019992
625	0	9,999	99.950019992
626	0	9,999	99.950019992
627	0	9,999	99.950019992
628	0	9,999	99.950019992
629	0	9,999	99.950019992
630	0	9,999	99.950019992
631	0	9,999	99.950019992
632	0	9,999	99.950019992
633	0	9,999	99.950019992
634	0	9,999	99.950019992
635	0	9,999	99.950019992
636	0	9,999	99.950019992
637	0	9,999	99.950019992
638	0	9,999	99.950019992
639	0	9,999	99.950019992
640	0	9,999	99.950019992
641	0	9,999	99.950019992
642	0	9,999	99.950019992
643	0	9,999	99.950019992
644	0	9,999	99.950019992
645	0	9,999	99.950019992
646	0	9,999	99.950019992
647	0	9,999	99.950019992
648	0	9,999	99.950019992
649	0	9,999	99.950019992
650	0	9,999	99.950019992
651	0	9,999	99.950019992
652	0	9,999	99.950019992
653	0	9,999	99.950019992
654	0	9,999	99.950019992
655	0	9,999	99.950019992
656	0	9,999	99.950019992
657	0	9,999	99.950019992
658	0	9,999	99.950019992
659	0	9,999	99.950019992
660	0	9,999	99.950019992
661	0	9,999	99.950019992
662	0	9,999	99.950019992
663	0	9,999	99.950019992
664	0	9,999	99.950019992
665	0	9,999	99.950019992
666	0	9,999	99.950019992
667	0	9,999	99.950019992
668	0	9,999	99.950019992
669	0	9,999	99.950019992
670	0	9,999	99.950019992
671	0	9,999	99.950019992
672	0	9,999	99.950019992
673	0	9,999	99.950019992
674	0	9,999	99.950019992
675	0	9,999	99.950019992
676	0	9,999	99.950019992
677	0	9,999	99.950019992
678	0	9,999	99.950019992
679	0	9,999	99.950019992
680	0	9,999	99.950019992
681	0	9,999	99.950019992
682	0	9,999	99.950019992
683	0	9,999	99.950019992
684	0	9,999	99.950019992
685	0	9,999	99.950019992
686	0	9,999	99.950019992
687	0	9,999	99.950019992
688	0	9,999	99.950019992
689	0	9,999	99.950019992
690	0	9,999	99.950019992
691	0	9,999	99.950019992
692	0	9,999	99.950019992
693	0	9,999	99.950019992
694	0	9,999	99.950019992
695	0	9,999	99.950019992
696	0	9,999	99.950019992
697	0	9,999	99.950019992
698	0	9,999	99.950019992
699	0	9,999	99.950019992
700	0	9,999	99.950019992
701	0	9,999	99.950019992
702	0	9,999	99.950019992
703	0	9,999	99.950019992
704	0	9,999	99.950019992
705	0	9,999	99.950019992
706	0	9,999	99.950019992
707	0	9,999	99.950019992
708	0	9,999	99.950019992
709	0	9,999	99.950019992
710	0	9,999	99.950019992
711	0	9,999	99.950019992
712	0	9,999	99.950019992
713	0	9,999	99.950019992
714	0	9,999	99.950019992
715	0	9,999	99.950019992
716	0	9,999	99.950019992
717	0	9,999	99.950019992
718	0	9,999	99.950019992
719	0	9,999	99.950019992
720	0	9,999	99.950019992
721	0	9,999	99.950019992
722	0	9,999	99.950019992
723	0	9,999	99.950019992
724	0	9,999	99.950019992
725	0	9,999	99.950019992
726	0	9,999	99.950019992
727	0	9,999	99.950019992
728	0	9,999	99.950019992
729	0	9,999	99.950019992
730	0	9,999	99.950019992
731	0	9,999	99.950019992
732	0	9,999	99.950019992
733	0	9,999	99.950019992
734	0	9,999	99.950019992
735	0	9,999	99.950019992
736	0	9,999	99.950019992
737	0	9,999	99.950019992
738	0	9,999	99.950019992
739	0	9,999	99.950019992
740	0	9,999	99.950019992
741	0	9,999	99.950019992
742	0	9,999	99.950019992
743	0	9,999	99.950019992
744	0	9,999	99.950019992
745	0	9,999	99.950019992
746	0	9,999	99.950019992
747	0	9,999	99.950019992
748	0	9,999	99.950019992
749	0	9,999	99.950019992
750	0	9,999	99.950019992
751	0	9,999	99.950019992
752	0	9,999	99.950019992
753	0	9,999	99.950019992
754	0	9,999	99.950019992
755	0	9,999	99.950019992
756	0	9,999	99.950019992
757	0	9,999	99.950019992
758	0	9,999	99.950019992
759	0	9,999	99.950019992
760	0	9,999	99.950019992
761	0	9,999	99.950019992
762	0	9,999	99.950019992
763	0	9,999	99.950019992
764	0	9,999	99.950019992
765	0	9,999	99.950019992
766	0	9,999	99.950019992
767	0	9,999	99.950019992
768	0	9,999	99.950019992
769	0	9,999	99.950019992
770	0	9,999	99.950019992
771	1	10,000	99.9600159936
772	0	10,000	99.9600159936
773	0	10,000	99.9600159936
774	0	10,000	99.9600159936
775	0	10,000	99.9600159936
776	0	10,000	99.9600159936
777	0	10,000	99.9600159936
778	0	10,000	99.9600159936
779	0	10,000	99.9600159936
780	0	10,000	99.9600159936
781	0	10,000	99.9600159936
782	0	10,000	99.9600159936
783	0	10,000	99.9600159936
784	0	10,000	99.9600159936
785	0	10,000	99.9600159936
786	0	10,000	99.9600159936
787	0	10,000	99.9600159936
788	0	10,000	99.9600159936
789	0	10,000	99.9600159936
790	0	10,000	99.9600159936
791	0	10,000	99.9600159936
792	0	10,000	99.9600159936
793	0	10,000	99.9600159936
794	0	10,000	99.9600159936
795	0	10,000	99.9600159936
796	0	10,000	99.9600159936
797	0	10,000	99.9600159936
798	0	10,000	99.9600159936
799	0	10,000	99.9600159936
800	0	10,000	99.9600159936
801	0	10,000	99.9600159936
802	0	10,000	99.9600159936
803	0	10,000	99.9600159936
804	0	10,000	99.9600159936
805	0	10,000	99.9600159936
806	0	10,000	99.9600159936
807	0	10,000	99.9600159936
808	0	10,000	99.9600159936
809	0	10,000	99.9600159936
810	0	10,000	99.9600159936
811	0	10,000	99.9600159936
812	0	10,000	99.9600159936
813	0	10,000	99.9600159936
814	0	10,000	99.9600159936
815	0	10,000	99.9600159936
816	0	10,000	99.9600159936
817	0	10,000	99.9600159936
818	0	10,000	99.9600159936
819	0	10,000	99.9600159936
820	0	10,000	99.9600159936
821	0	10,000	99.9600159936
822	0	10,000	99.9600159936
823	0	10,000	99.9600159936
824	0	10,000	99.9600159936
825	0	10,000	99.9600159936
826	0	10,000	99.9600159936
827	0	10,000	99.9600159936
828	0	10,000	99.9600159936
829	0	10,000	99.9600159936
830	0	10,000	99.9600159936
831	0	10,000	99.9600159936
832	0	10,000	99.9600159936
833	0	10,000	99.9600159936
834	0	10,000	99.9600159936
835	0	10,000	99.9600159936
836	0	10,000	99.9600159936
837	0	10,000	99.9600159936
838	0	10,000	99.9600159936
839	0	10,000	99.9600159936
840	0	10,000	99.9600159936
841	0	10,000	99.9600159936
842	0	10,000	99.9600159936
843	0	10,000	99.9600159936
844	0	10,000	99.9600159936
845	0	10,000	99.9600159936
846	0	10,000	99.9600159936
847	0	10,000	99.9600159936
848	0	10,000	99.9600159936
849	0	10,000	99.9600159936
850	0	10,000	99.9600159936
851	0	10,000	99.9600159936
852	0	10,000	99.9600159936
853	0	10,000	99.9600159936
854	0	10,000	99.9600159936
855	0	10,000	99.9600159936
856	0	10,000	99.9600159936
857	0	10,000	99.9600159936
858	0	10,000	99.9600159936
859	0	10,000	99.9600159936
860	0	10,000	99.9600159936
861	0	10,000	99.9600159936
862	0	10,000	99.9600159936
863	0	10,000	99.9600159936
864	0	10,000	99.9600159936
865	0	10,000	99.9600159936
866	0	10,000	99.9600159936
867	0	10,000	99.9600159936
868	0	10,000	99.9600159936
869	0	10,000	99.9600159936
870	0	10,000	99.9600159936
871	0	10,000	99.9600159936
872	0	10,000	99.9600159936
873	0	10,000	99.9600159936
874	0	10,000	99.9600159936
875	0	10,000	99.9600159936
876	0	10,000	99.9600159936
877	0	10,000	99.9600159936
878	0	10,000	99.9600159936
879	0	10,000	99.9600159936
880	0	10,000	99.9600159936
881	0	10,000	99.9600159936
882	0	10,000	99.9600159936
883	0	10,000	99.9600159936
884	0	10,000	99.9600159936
885	0	10,000	99.9600159936
886	0	10,000	99.9600159936
887	0	10,000	99.9600159936
888	0	10,000	99.9600159936
889	0	10,000	99.9600159936
890	0	10,000	99.9600159936
891	0	10,000	99.9600159936
892	0	10,000	99.9600159936
893	0	10,000	99.9600159936
894	0	10,000	99.9600159936
895	0	10,000	99.9600159936
896	0	10,000	99.9600159936
897	0	10,000	99.9600159936
898	0	10,000	99.9600159936
899	0	10,000	99.9600159936
900	0	10,000	99.9600159936
901	0	10,000	99.9600159936
902	0	10,000	99.9600159936
903	0	10,000	99.9600159936
904	0	10,000	99.9600159936
905	0	10,000	99.9600159936
906	0	10,000	99.9600159936
907	0	10,000	99.9600159936
908	0	10,000	99.9600159936
909	0	10,000	99.9600159936
910	0	10,000	99.9600159936
911	0	10,000	99.9600159936
912	0	10,000	99.9600159936
913	0	10,000	99.9600159936
914	0	10,000	99.9600159936
915	0	10,000	99.9600159936
916	0	10,000	99.9600159936
917	0	10,000	99.9600159936
918	0	10,000	99.9600159936
919	0	10,000	99.9600159936
920	0	10,000	99.9600159936
921	0	10,000	99.9600159936
922	0	10,000	99.9600159936
923	0	10,000	99.9600159936
924	0	10,000	99.9600159936
925	0	10,000	99.9600159936
926	0	10,000	99.9600159936
927	0	10,000	99.9600159936
928	0	10,000	99.9600159936
929	0	10,000	99.9600159936
930	0	10,000	99.9600159936
931	0	10,000	99.9600159936
932	0	10,000	99.9600159936
933	0	10,000	99.9600159936
934	0	10,000	99.9600159936
935	0	10,000	99.9600159936
936	0	10,000	99.9600159936
937	0	10,000	99.9600159936
938	0	10,000	99.9600159936
939	0	10,000	99.9600159936
940	0	10,000	99.9600159936
941	0	10,000	99.9600159936
942	0	10,000	99.9600159936
943	0	10,000	99.9600159936
944	0	10,000	99.9600159936
945	0	10,000	99.9600159936
946	0	10,000	99.9600159936
947	0	10,000	99.9600159936
948	0	10,000	99.9600159936
949	0	10,000	99.9600159936
950	0	10,000	99.9600159936
951	0	10,000	99.9600159936
952	0	10,000	99.9600159936
953	0	10,000	99.9600159936
954	0	10,000	99.9600159936
955	0	10,000	99.9600159936
956	0	10,000	99.9600159936
957	0	10,000	99.9600159936
958	0	10,000	99.9600159936
959	0	10,000	99.9600159936
960	0	10,000	99.9600159936
961	0	10,000	99.9600159936
962	0	10,000	99.9600159936
963	0	10,000	99.9600159936
964	0	10,000	99.9600159936
965	0	10,000	99.9600159936
966	0	10,000	99.9600159936
967	0	10,000	99.9600159936
968	0	10,000	99.9600159936
969	0	10,000	99.9600159936
970	0	10,000	99.9600159936
971	0	10,000	99.9600159936
972	0	10,000	99.9600159936
973	0	10,000	99.9600159936
974	0	10,000	99.9600159936
975	0	10,000	99.9600159936
976	0	10,000	99.9600159936
977	0	10,000	99.9600159936
978	0	10,000	99.9600159936
979	0	10,000	99.9600159936
980	0	10,000	99.9600159936
981	0	10,000	99.9600159936
982	0	10,000	99.9600159936
983	0	10,000	99.9600159936
984	0	10,000	99.9600159936
985	0	10,000	99.9600159936
986	0	10,000	99.9600159936
987	0	10,000	99.9600159936
988	0	10,000	99.9600159936
989	0	10,000	99.9600159936
990	0	10,000	99.9600159936
991	0	10,000	99.9600159936
992	0	10,000	99.9600159936
993	0	10,000	99.9600159936
994	0	10,000	99.9600159936
995	0	10,000	99.9600159936
996	0	10,000	99.9600159936
997	0	10,000	99.9600159936
998	0	10,000	99.9600159936
999	0	10,000	99.9600159936
1,000	0	10,000	99.9600159936
1,001	0	10,000	99.9600159936
1,002	0	10,000	99.9600159936
1,003	0	10,000	99.9600159936
1,004	0	10,000	99.9600159936
1,005	0	10,000	99.9600159936
1,006	0	10,000	99.9600159936
1,007	0	10,000	99.9600159936
1,008	0	10,000	99.9600159936
1,009	0	10,000	99.9600159936
1,010	0	10,000	99.9600159936
1,011	0	10,000	99.9600159936
1,012	0	10,000	99.9600159936
1,013	0	10,000	99.9600159936
1,014	0	10,000	99.9600159936
1,015	0	10,000	99.9600159936
1,016	1	10,001	99.9700119952
1,017	0	10,001	99.9700119952
1,018	0	10,001	99.9700119952
1,019	0	10,001	99.9700119952
1,020	0	10,001	99.9700119952
1,021	0	10,001	99.9700119952
1,022	0	10,001	99.9700119952
1,023	0	10,001	99.9700119952
1,024	0	10,001	99.9700119952
1,025	0	10,001	99.9700119952
1,026	0	10,001	99.9700119952
1,027	0	10,001	99.9700119952
1,028	0	10,001	99.9700119952
1,029	0	10,001	99.9700119952
1,030	0	10,001	99.9700119952
1,031	0	10,001	99.9700119952
1,032	0	10,001	99.9700119952
1,033	0	10,001	99.9700119952
1,034	0	10,001	99.9700119952
1,035	0	10,001	99.9700119952
1,036	0	10,001	99.9700119952
1,037	0	10,001	99.9700119952
1,038	0	10,001	99.9700119952
1,039	0	10,001	99.9700119952
1,040	0	10,001	99.9700119952
1,041	0	10,001	99.9700119952
1,042	0	10,001	99.9700119952
1,043	0	10,001	99.9700119952
1,044	0	10,001	99.9700119952
1,045	0	10,001	99.9700119952
1,046	0	10,001	99.9700119952
1,047	0	10,001	99.9700119952
1,048	0	10,001	99.9700119952
1,049	0	10,001	99.9700119952
1,050	0	10,001	99.9700119952
1,051	0	10,001	99.9700119952
1,052	0	10,001	99.9700119952
1,053	0	10,001	99.9700119952
1,054	0	10,001	99.9700119952
1,055	0	10,001	99.9700119952
1,056	0	10,001	99.9700119952
1,057	0	10,001	99.9700119952
1,058	0	10,001	99.9700119952
1,059	0	10,001	99.9700119952
1,060	0	10,001	99.9700119952
1,061	0	10,001	99.9700119952
1,062	0	10,001	99.9700119952
1,063	0	10,001	99.9700119952
1,064	0	10,001	99.9700119952
1,065	0	10,001	99.9700119952
1,066	0	10,001	99.9700119952
1,067	0	10,001	99.9700119952
1,068	0	10,001	99.9700119952
1,069	0	10,001	99.9700119952
1,070	0	10,001	99.9700119952
1,071	0	10,001	99.9700119952
1,072	0	10,001	99.9700119952
1,073	0	10,001	99.9700119952
1,074	0	10,001	99.9700119952
1,075	0	10,001	99.9700119952
1,076	0	10,001	99.9700119952
1,077	0	10,001	99.9700119952
1,078	0	10,001	99.9700119952
1,079	0	10,001	99.9700119952
1,080	0	10,001	99.9700119952
1,081	0	10,001	99.9700119952
1,082	0	10,001	99.9700119952
1,083	0	10,001	99.9700119952
1,084	0	10,001	99.9700119952
1,085	0	10,001	99.9700119952
1,086	0	10,001	99.9700119952
1,087	0	10,001	99.9700119952
1,088	0	10,001	99.9700119952
1,089	0	10,001	99.9700119952
1,090	0	10,001	99.9700119952
1,091	0	10,001	99.9700119952
1,092	0	10,001	99.9700119952
1,093	0	10,001	99.9700119952
1,094	0	10,001	99.9700119952
1,095	0	10,001	99.9700119952
1,096	0	10,001	99.9700119952
1,097	0	10,001	99.9700119952
1,098	0	10,001	99.9700119952
1,099	0	10,001	99.9700119952
1,100	0	10,001	99.9700119952
1,101	0	10,001	99.9700119952
1,102	0	10,001	99.9700119952
1,103	0	10,001	99.9700119952
1,104	0	10,001	99.9700119952
1,105	0	10,001	99.9700119952
1,106	0	10,001	99.9700119952
1,107	0	10,001	99.9700119952
1,108	0	10,001	99.9700119952
1,109	0	10,001	99.9700119952
1,110	0	10,001	99.9700119952
1,111	0	10,001	99.9700119952
1,112	0	10,001	99.9700119952
1,113	0	10,001	99.9700119952
1,114	0	10,001	99.9700119952
1,115	0	10,001	99.9700119952
1,116	0	10,001	99.9700119952
1,117	0	10,001	99.9700119952
1,118	0	10,001	99.9700119952
1,119	0	10,001	99.9700119952
1,120	0	10,001	99.9700119952
1,121	0	10,001	99.9700119952
1,122	0	10,001	99.9700119952
1,123	0	10,001	99.9700119952
1,124	0	10,001	99.9700119952
1,125	0	10,001	99.9700119952
1,126	0	10,001	99.9700119952
1,127	0	10,001	99.9700119952
1,128	0	10,001	99.9700119952
1,129	0	10,001	99.9700119952
1,130	0	10,001	99.9700119952
1,131	0	10,001	99.9700119952
1,132	0	10,001	99.9700119952
1,133	0	10,001	99.9700119952
1,134	0	10,001	99.9700119952
1,135	0	10,001	99.9700119952
1,136	0	10,001	99.9700119952
1,137	0	10,001	99.9700119952
1,138	0	10,001	99.9700119952
1,139	0	10,001	99.9700119952
1,140	0	10,001	99.9700119952
1,141	0	10,001	99.9700119952
1,142	0	10,001	99.9700119952
1,143	0	10,001	99.9700119952
1,144	0	10,001	99.9700119952
1,145	0	10,001	99.9700119952
1,146	0	10,001	99.9700119952
1,147	0	10,001	99.9700119952
1,148	0	10,001	99.9700119952
1,149	0	10,001	99.9700119952
1,150	0	10,001	99.9700119952
1,151	0	10,001	99.9700119952
1,152	0	10,001	99.9700119952
1,153	0	10,001	99.9700119952
1,154	0	10,001	99.9700119952
1,155	0	10,001	99.9700119952
1,156	0	10,001	99.9700119952
1,157	0	10,001	99.9700119952
1,158	0	10,001	99.9700119952
1,159	0	10,001	99.9700119952
1,160	0	10,001	99.9700119952
1,161	0	10,001	99.9700119952
1,162	0	10,001	99.9700119952
1,163	0	10,001	99.9700119952
1,164	0	10,001	99.9700119952
1,165	0	10,001	99.9700119952
1,166	0	10,001	99.9700119952
1,167	0	10,001	99.9700119952
1,168	0	10,001	99.9700119952
1,169	0	10,001	99.9700119952
1,170	0	10,001	99.9700119952
1,171	0	10,001	99.9700119952
1,172	0	10,001	99.9700119952
1,173	0	10,001	99.9700119952
1,174	0	10,001	99.9700119952
1,175	0	10,001	99.9700119952
1,176	0	10,001	99.9700119952
1,177	0	10,001	99.9700119952
1,178	0	10,001	99.9700119952
1,179	0	10,001	99.9700119952
1,180	0	10,001	99.9700119952
1,181	0	10,001	99.9700119952
1,182	0	10,001	99.9700119952
1,183	0	10,001	99.9700119952
1,184	0	10,001	99.9700119952
1,185	0	10,001	99.9700119952
1,186	0	10,001	99.9700119952
1,187	0	10,001	99.9700119952
1,188	0	10,001	99.9700119952
1,189	0	10,001	99.9700119952
1,190	0	10,001	99.9700119952
1,191	0	10,001	99.9700119952
1,192	0	10,001	99.9700119952
1,193	0	10,001	99.9700119952
1,194	0	10,001	99.9700119952
1,195	0	10,001	99.9700119952
1,196	0	10,001	99.9700119952
1,197	0	10,001	99.9700119952
1,198	0	10,001	99.9700119952
1,199	0	10,001	99.9700119952
1,200	0	10,001	99.9700119952
1,201	0	10,001	99.9700119952
1,202	0	10,001	99.9700119952
1,203	0	10,001	99.9700119952
1,204	0	10,001	99.9700119952
1,205	0	10,001	99.9700119952
1,206	0	10,001	99.9700119952
1,207	0	10,001	99.9700119952
1,208	0	10,001	99.9700119952
1,209	0	10,001	99.9700119952
1,210	0	10,001	99.9700119952
1,211	0	10,001	99.9700119952
1,212	0	10,001	99.9700119952
1,213	0	10,001	99.9700119952
1,214	0	10,001	99.9700119952
1,215	0	10,001	99.9700119952
1,216	0	10,001	99.9700119952
1,217	0	10,001	99.9700119952
1,218	0	10,001	99.9700119952
1,219	0	10,001	99.9700119952
1,220	0	10,001	99.9700119952
1,221	0	10,001	99.9700119952
1,222	0	10,001	99.9700119952
1,223	0	10,001	99.9700119952
1,224	0	10,001	99.9700119952
1,225	0	10,001	99.9700119952
1,226	0	10,001	99.9700119952
1,227	0	10,001	99.9700119952
1,228	0	10,001	99.9700119952
1,229	0	10,001	99.9700119952
1,230	0	10,001	99.9700119952
1,231	0	10,001	99.9700119952
1,232	0	10,001	99.9700119952
1,233	0	10,001	99.9700119952
1,234	0	10,001	99.9700119952
1,235	0	10,001	99.9700119952
1,236	0	10,001	99.9700119952
1,237	0	10,001	99.9700119952
1,238	0	10,001	99.9700119952
1,239	0	10,001	99.9700119952
1,240	0	10,001	99.9700119952
1,241	0	10,001	99.9700119952
1,242	0	10,001	99.9700119952
1,243	0	10,001	99.9700119952
1,244	0	10,001	99.9700119952
1,245	0	10,001	99.9700119952
1,246	0	10,001	99.9700119952
1,247	0	10,001	99.9700119952
1,248	0	10,001	99.9700119952
1,249	0	10,001	99.9700119952
1,250	0	10,001	99.9700119952
1,251	0	10,001	99.9700119952
1,252	0	10,001	99.9700119952
1,253	0	10,001	99.9700119952
1,254	0	10,001	99.9700119952
1,255	0	10,001	99.9700119952
1,256	0	10,001	99.9700119952
1,257	0	10,001	99.9700119952
1,258	0	10,001	99.9700119952
1,259	0	10,001	99.9700119952
1,260	0	10,001	99.9700119952
1,261	0	10,001	99.9700119952
1,262	0	10,001	99.9700119952
1,263	0	10,001	99.9700119952
1,264	0	10,001	99.9700119952
1,265	0	10,001	99.9700119952
1,266	0	10,001	99.9700119952
1,267	0	10,001	99.9700119952
1,268	0	10,001	99.9700119952
1,269	0	10,001	99.9700119952
1,270	0	10,001	99.9700119952
1,271	0	10,001	99.9700119952
1,272	0	10,001	99.9700119952
1,273	0	10,001	99.9700119952
1,274	0	10,001	99.9700119952
1,275	0	10,001	99.9700119952
1,276	0	10,001	99.9700119952
1,277	0	10,001	99.9700119952
1,278	0	10,001	99.9700119952
1,279	0	10,001	99.9700119952
1,280	0	10,001	99.9700119952
1,281	0	10,001	99.9700119952
1,282	0	10,001	99.9700119952
1,283	0	10,001	99.9700119952
1,284	0	10,001	99.9700119952
1,285	0	10,001	99.9700119952
1,286	0	10,001	99.9700119952
1,287	0	10,001	99.9700119952
1,288	0	10,001	99.9700119952
1,289	0	10,001	99.9700119952
1,290	0	10,001	99.9700119952
1,291	0	10,001	99.9700119952
1,292	0	10,001	99.9700119952
1,293	0	10,001	99.9700119952
1,294	0	10,001	99.9700119952
1,295	0	10,001	99.9700119952
1,296	0	10,001	99.9700119952
1,297	0	10,001	99.9700119952
1,298	0	10,001	99.9700119952
1,299	0	10,001	99.9700119952
1,300	0	10,001	99.9700119952
1,301	0	10,001	99.9700119952
1,302	0	10,001	99.9700119952
1,303	0	10,001	99.9700119952
1,304	0	10,001	99.9700119952
1,305	0	10,001	99.9700119952
1,306	0	10,001	99.9700119952
1,307	0	10,001	99.9700119952
1,308	0	10,001	99.9700119952
1,309	0	10,001	99.9700119952
1,310	0	10,001	99.9700119952
1,311	0	10,001	99.9700119952
1,312	0	10,001	99.9700119952
1,313	0	10,001	99.9700119952
1,314	0	10,001	99.9700119952
1,315	0	10,001	99.9700119952
1,316	0	10,001	99.9700119952
1,317	0	10,001	99.9700119952
1,318	0	10,001	99.9700119952
1,319	0	10,001	99.9700119952
1,320	0	10,001	99.9700119952
1,321	0	10,001	99.9700119952
1,322	0	10,001	99.9700119952
1,323	0	10,001	99.9700119952
1,324	0	10,001	99.9700119952
1,325	0	10,001	99.9700119952
1,326	0	10,001	99.9700119952
1,327	0	10,001	99.9700119952
1,328	0	10,001	99.9700119952
1,329	0	10,001	99.9700119952
1,330	0	10,001	99.9700119952
1,331	0	10,001	99.9700119952
1,332	0	10,001	99.9700119952
1,333	0	10,001	99.9700119952
1,334	0	10,001	99.9700119952
1,335	0	10,001	99.9700119952
1,336	0	10,001	99.9700119952
1,337	0	10,001	99.9700119952
1,338	0	10,001	99.9700119952
1,339	0	10,001	99.9700119952
1,340	0	10,001	99.9700119952
1,341	0	10,001	99.9700119952
1,342	0	10,001	99.9700119952
1,343	0	10,001	99.9700119952
1,344	0	10,001	99.9700119952
1,345	0	10,001	99.9700119952
1,346	0	10,001	99.9700119952
1,347	0	10,001	99.9700119952
1,348	0	10,001	99.9700119952
1,349	0	10,001	99.9700119952
1,350	0	10,001	99.9700119952
1,351	0	10,001	99.9700119952
1,352	0	10,001	99.9700119952
1,353	0	10,001	99.9700119952
1,354	0	10,001	99.9700119952
1,355	0	10,001	99.9700119952
1,356	0	10,001	99.9700119952
1,357	0	10,001	99.9700119952
1,358	0	10,001	99.9700119952
1,359	0	10,001	99.9700119952
1,360	0	10,001	99.9700119952
1,361	0	10,001	99.9700119952
1,362	0	10,001	99.9700119952
1,363	0	10,001	99.9700119952
1,364	0	10,001	99.9700119952
1,365	0	10,001	99.9700119952
1,366	0	10,001	99.9700119952
1,367	0	10,001	99.9700119952
1,368	0	10,001	99.9700119952
1,369	0	10,001	99.9700119952
1,370	0	10,001	99.9700119952
1,371	0	10,001	99.9700119952
1,372	0	10,001	99.9700119952
1,373	0	10,001	99.9700119952
1,374	0	10,001	99.9700119952
1,375	0	10,001	99.9700119952
1,376	0	10,001	99.9700119952
1,377	0	10,001	99.9700119952
1,378	0	10,001	99.9700119952
1,379	0	10,001	99.9700119952
1,380	0	10,001	99.9700119952
1,381	0	10,001	99.9700119952
1,382	0	10,001	99.9700119952
1,383	0	10,001	99.9700119952
1,384	0	10,001	99.9700119952
1,385	0	10,001	99.9700119952
1,386	0	10,001	99.9700119952
1,387	0	10,001	99.9700119952
1,388	0	10,001	99.9700119952
1,389	0	10,001	99.9700119952
1,390	0	10,001	99.9700119952
1,391	0	10,001	99.9700119952
1,392	0	10,001	99.9700119952
1,393	0	10,001	99.9700119952
1,394	0	10,001	99.9700119952
1,395	0	10,001	99.9700119952
1,396	0	10,001	99.9700119952
1,397	0	10,001	99.9700119952
1,398	0	10,001	99.9700119952
1,399	0	10,001	99.9700119952
1,400	0	10,001	99.9700119952
1,401	0	10,001	99.9700119952
1,402	0	10,001	99.9700119952
1,403	0	10,001	99.9700119952
1,404	0	10,001	99.9700119952
1,405	0	10,001	99.9700119952
1,406	0	10,001	99.9700119952
1,407	0	10,001	99.9700119952
1,408	0	10,001	99.9700119952
1,409	0	10,001	99.9700119952
1,410	0	10,001	99.9700119952
1,411	0	10,001	99.9700119952
1,412	0	10,001	99.9700119952
1,413	0	10,001	99.9700119952
1,414	0	10,001	99.9700119952
1,415	0	10,001	99.9700119952
1,416	0	10,001	99.9700119952
1,417	0	10,001	99.9700119952
1,418	0	10,001	99.9700119952
1,419	0	10,001	99.9700119952
1,420	0	10,001	99.9700119952
1,421	0	10,001	99.9700119952
1,422	0	10,001	99.9700119952
1,423	0	10,001	99.9700119952
1,424	0	10,001	99.9700119952
1,425	0	10,001	99.9700119952
1,426	0	10,001	99.9700119952
1,427	0	10,001	99.9700119952
1,428	0	10,001	99.9700119952
1,429	0	10,001	99.9700119952
1,430	0	10,001	99.9700119952
1,431	0	10,001	99.9700119952
1,432	0	10,001	99.9700119952
1,433	0	10,001	99.9700119952
1,434	0	10,001	99.9700119952
1,435	0	10,001	99.9700119952
1,436	0	10,001	99.9700119952
1,437	0	10,001	99.9700119952
1,438	0	10,001	99.9700119952
1,439	0	10,001	99.9700119952
1,440	0	10,001	99.9700119952
1,441	0	10,001	99.9700119952
1,442	0	10,001	99.9700119952
1,443	0	10,001	99.9700119952
1,444	0	10,001	99.9700119952
1,445	0	10,001	99.9700119952
1,446	0	10,001	99.9700119952
1,447	0	10,001	99.9700119952
1,448	0	10,001	99.9700119952
1,449	0	10,001	99.9700119952
1,450	0	10,001	99.9700119952
1,451	0	10,001	99.9700119952
1,452	0	10,001	99.9700119952
1,453	0	10,001	99.9700119952
1,454	0	10,001	99.9700119952
1,455	0	10,001	99.9700119952
1,456	0	10,001	99.9700119952
1,457	0	10,001	99.9700119952
1,458	0	10,001	99.9700119952
1,459	0	10,001	99.9700119952
1,460	0	10,001	99.9700119952
1,461	0	10,001	99.9700119952
1,462	0	10,001	99.9700119952
1,463	0	10,001	99.9700119952
1,464	0	10,001	99.9700119952
1,465	0	10,001	99.9700119952
1,466	0	10,001	99.9700119952
1,467	0	10,001	99.9700119952
1,468	0	10,001	99.9700119952
1,469	0	10,001	99.9700119952
1,470	0	10,001	99.9700119952
1,471	0	10,001	99.9700119952
1,472	0	10,001	99.9700119952
1,473	0	10,001	99.9700119952
1,474	0	10,001	99.9700119952
1,475	0	10,001	99.9700119952
1,476	0	10,001	99.9700119952
1,477	0	10,001	99.9700119952
1,478	0	10,001	99.9700119952
1,479	0	10,001	99.9700119952
1,480	0	10,001	99.9700119952
1,481	0	10,001	99.9700119952
1,482	0	10,001	99.9700119952
1,483	0	10,001	99.9700119952
1,484	0	10,001	99.9700119952
1,485	0	10,001	99.9700119952
1,486	0	10,001	99.9700119952
1,487	0	10,001	99.9700119952
1,488	0	10,001	99.9700119952
1,489	0	10,001	99.9700119952
1,490	0	10,001	99.9700119952
1,491	0	10,001	99.9700119952
1,492	0	10,001	99.9700119952
1,493	0	10,001	99.9700119952
1,494	0	10,001	99.9700119952
1,495	0	10,001	99.9700119952
1,496	0	10,001	99.9700119952
1,497	0	10,001	99.9700119952
1,498	0	10,001	99.9700119952
1,499	0	10,001	99.9700119952
1,500	0	10,001	99.9700119952
1,501	0	10,001	99.9700119952
1,502	0	10,001	99.9700119952
1,503	0	10,001	99.9700119952
1,504	0	10,001	99.9700119952
1,505	0	10,001	99.9700119952
1,506	0	10,001	99.9700119952
1,507	0	10,001	99.9700119952
1,508	0	10,001	99.9700119952
1,509	0	10,001	99.9700119952
1,510	0	10,001	99.9700119952
1,511	0	10,001	99.9700119952
1,512	0	10,001	99.9700119952
1,513	0	10,001	99.9700119952
1,514	1	10,002	99.9800079968
1,515	0	10,002	99.9800079968
1,516	0	10,002	99.9800079968
1,517	0	10,002	99.9800079968
1,518	0	10,002	99.9800079968
1,519	0	10,002	99.9800079968
1,520	0	10,002	99.9800079968
1,521	0	10,002	99.9800079968
1,522	0	10,002	99.9800079968
1,523	0	10,002	99.9800079968
1,524	0	10,002	99.9800079968
1,525	0	10,002	99.9800079968
1,526	0	10,002	99.9800079968
1,527	0	10,002	99.9800079968
1,528	0	10,002	99.9800079968
1,529	0	10,002	99.9800079968
1,530	0	10,002	99.9800079968
1,531	0	10,002	99.9800079968
1,532	0	10,002	99.9800079968
1,533	0	10,002	99.9800079968
1,534	0	10,002	99.9800079968
1,535	0	10,002	99.9800079968
1,536	0	10,002	99.9800079968
1,537	0	10,002	99.9800079968
1,538	0	10,002	99.9800079968
1,539	0	10,002	99.9800079968
1,540	0	10,002	99.9800079968
1,541	0	10,002	99.9800079968
1,542	0	10,002	99.9800079968
1,543	0	10,002	99.9800079968
1,544	0	10,002	99.9800079968
1,545	0	10,002	99.9800079968
1,546	0	10,002	99.9800079968
1,547	0	10,002	99.9800079968
1,548	0	10,002	99.9800079968
1,549	0	10,002	99.9800079968
1,550	0	10,002	99.9800079968
1,551	0	10,002	99.9800079968
1,552	0	10,002	99.9800079968
1,553	0	10,002	99.9800079968
1,554	0	10,002	99.9800079968
1,555	0	10,002	99.9800079968
1,556	0	10,002	99.9800079968
1,557	0	10,002	99.9800079968
1,558	0	10,002	99.9800079968
1,559	0	10,002	99.9800079968
1,560	0	10,002	99.9800079968
1,561	0	10,002	99.9800079968
1,562	0	10,002	99.9800079968
1,563	0	10,002	99.9800079968
1,564	0	10,002	99.9800079968
1,565	0	10,002	99.9800079968
1,566	0	10,002	99.9800079968
1,567	0	10,002	99.9800079968
1,568	0	10,002	99.9800079968
1,569	0	10,002	99.9800079968
1,570	0	10,002	99.9800079968
1,571	0	10,002	99.9800079968
1,572	0	10,002	99.9800079968
1,573	0	10,002	99.9800079968
1,574	0	10,002	99.9800079968
1,575	0	10,002	99.9800079968
1,576	0	10,002	99.9800079968
1,577	0	10,002	99.9800079968
1,578	0	10,002	99.9800079968
1,579	0	10,002	99.9800079968
1,580	1	10,003	99.9900039984
1,581	0	10,003	99.9900039984
1,582	0	10,003	99.9900039984
1,583	0	10,003	99.9900039984
1,584	0	10,003	99.9900039984
1,585	0	10,003	99.9900039984
1,586	0	10,003	99.9900039984
1,587	0	10,003	99.9900039984
1,588	0	10,003	99.9900039984
1,589	0	10,003	99.9900039984
1,590	0	10,003	99.9900039984
1,591	0	10,003	99.9900039984
1,592	0	10,003	99.9900039984
1,593	0	10,003	99.9900039984
1,594	0	10,003	99.9900039984
1,595	0	10,003	99.9900039984
1,596	0	10,003	99.9900039984
1,597	0	10,003	99.9900039984
1,598	0	10,003	99.9900039984
1,599	0	10,003	99.9900039984
1,600	0	10,003	99.9900039984
1,601	0	10,003	99.9900039984
1,602	0	10,003	99.9900039984
1,603	0	10,003	99.9900039984
1,604	0	10,003	99.9900039984
1,605	0	10,003	99.9900039984
1,606	0	10,003	99.9900039984
1,607	0	10,003	99.9900039984
1,608	0	10,003	99.9900039984
1,609	0	10,003	99.9900039984
1,610	0	10,003	99.9900039984
1,611	0	10,003	99.9900039984
1,612	0	10,003	99.9900039984
1,613	0	10,003	99.9900039984
1,614	0	10,003	99.9900039984
1,615	0	10,003	99.9900039984
1,616	0	10,003	99.9900039984
1,617	0	10,003	99.9900039984
1,618	0	10,003	99.9900039984
1,619	0	10,003	99.9900039984
1,620	0	10,003	99.9900039984
1,621	0	10,003	99.9900039984
1,622	0	10,003	99.9900039984
1,623	0	10,003	99.9900039984
1,624	0	10,003	99.9900039984
1,625	0	10,003	99.9900039984
1,626	0	10,003	99.9900039984
1,627	0	10,003	99.9900039984
1,628	0	10,003	99.9900039984
1,629	0	10,003	99.9900039984
1,630	0	10,003	99.9900039984
1,631	0	10,003	99.9900039984
1,632	0	10,003	99.9900039984
1,633	0	10,003	99.9900039984
1,634	0	10,003	99.9900039984
1,635	0	10,003	99.9900039984
1,636	0	10,003	99.9900039984
1,637	0	10,003	99.9900039984
1,638	0	10,003	99.9900039984
1,639	0	10,003	99.9900039984
1,640	0	10,003	99.9900039984
1,641	0	10,003	99.9900039984
1,642	0	10,003	99.9900039984
1,643	0	10,003	99.9900039984
1,644	0	10,003	99.9900039984
1,645	0	10,003	99.9900039984
1,646	0	10,003	99.9900039984
1,647	0	10,003	99.9900039984
1,648	0	10,003	99.9900039984
1,649	0	10,003	99.9900039984
1,650	0	10,003	99.9900039984
1,651	0	10,003	99.9900039984
1,652	0	10,003	99.9900039984
1,653	0	10,003	99.9900039984
1,654	0	10,003	99.9900039984
1,655	0	10,003	99.9900039984
1,656	0	10,003	99.9900039984
1,657	0	10,003	99.9900039984
1,658	0	10,003	99.9900039984
1,659	0	10,003	99.9900039984
1,660	0	10,003	99.9900039984
1,661	0	10,003	99.9900039984
1,662	0	10,003	99.9900039984
1,663	0	10,003	99.9900039984
1,664	0	10,003	99.9900039984
1,665	0	10,003	99.9900039984
1,666	0	10,003	99.9900039984
1,667	0	10,003	99.9900039984
1,668	0	10,003	99.9900039984
1,669	0	10,003	99.9900039984
1,670	0	10,003	99.9900039984
1,671	0	10,003	99.9900039984
1,672	0	10,003	99.9900039984
1,673	0	10,003	99.9900039984
1,674	0	10,003	99.9900039984
1,675	0	10,003	99.9900039984
1,676	0	10,003	99.9900039984
1,677	0	10,003	99.9900039984
1,678	0	10,003	99.9900039984
1,679	0	10,003	99.9900039984
1,680	0	10,003	99.9900039984
1,681	0	10,003	99.9900039984
1,682	0	10,003	99.9900039984
1,683	0	10,003	99.9900039984
1,684	0	10,003	99.9900039984
1,685	0	10,003	99.9900039984
1,686	0	10,003	99.9900039984
1,687	0	10,003	99.9900039984
1,688	0	10,003	99.9900039984
1,689	0	10,003	99.9900039984
1,690	0	10,003	99.9900039984
1,691	0	10,003	99.9900039984
1,692	0	10,003	99.9900039984
1,693	0	10,003	99.9900039984
1,694	0	10,003	99.9900039984
1,695	0	10,003	99.9900039984
1,696	0	10,003	99.9900039984
1,697	0	10,003	99.9900039984
1,698	0	10,003	99.9900039984
1,699	0	10,003	99.9900039984
1,700	0	10,003	99.9900039984
1,701	0	10,003	99.9900039984
1,702	0	10,003	99.9900039984
1,703	0	10,003	99.9900039984
1,704	0	10,003	99.9900039984
1,705	0	10,003	99.9900039984
1,706	0	10,003	99.9900039984
1,707	0	10,003	99.9900039984
1,708	0	10,003	99.9900039984
1,709	0	10,003	99.9900039984
1,710	0	10,003	99.9900039984
1,711	0	10,003	99.9900039984
1,712	0	10,003	99.9900039984
1,713	0	10,003	99.9900039984
1,714	0	10,003	99.9900039984
1,715	0	10,003	99.9900039984
1,716	0	10,003	99.9900039984
1,717	0	10,003	99.9900039984
1,718	0	10,003	99.9900039984
1,719	0	10,003	99.9900039984
1,720	0	10,003	99.9900039984
1,721	0	10,003	99.9900039984
1,722	1	10,004	100
1,723	0	10,004	100
