Bin	Quantity	Sum	Percent
4	3	3	0.02998800479808
5	8,410	8,413	84.09636145542
6	311	8,724	87.20511795282
7	194	8,918	89.14434226309
8	163	9,081	90.77369052379
9	122	9,203	91.99320271891
10	88	9,291	92.87285085966
11	73	9,364	93.60255897641
12	59	9,423	94.19232307077
13	50	9,473	94.69212315074
14	49	9,522	95.18192722911
15	41	9,563	95.59176329468
16	32	9,595	95.91163534586
17	24	9,619	96.15153938425
18	31	9,650	96.46141543383
19	25	9,675	96.71131547381
20	16	9,691	96.8712514994
21	15	9,706	97.02119152339
22	17	9,723	97.19112355058
23	13	9,736	97.32107157137
24	17	9,753	97.49100359856
25	15	9,768	97.64094362255
26	13	9,781	97.77089164334
27	11	9,792	97.88084766094
28	11	9,803	97.99080367853
29	9	9,812	98.08076769292
30	10	9,822	98.18072770892
31	8	9,830	98.26069572171
32	7	9,837	98.33066773291
33	4	9,841	98.3706517393
34	7	9,848	98.4406237505
35	7	9,855	98.5105957617
36	3	9,858	98.54058376649
37	4	9,862	98.58056777289
38	4	9,866	98.62055177929
39	7	9,873	98.69052379048
40	6	9,879	98.75049980008
41	2	9,881	98.77049180328
42	1	9,882	98.78048780488
43	4	9,886	98.82047181128
44	5	9,891	98.87045181927
45	2	9,893	98.89044382247
46	3	9,896	98.92043182727
47	1	9,897	98.93042782887
48	6	9,903	98.99040383846
49	3	9,906	99.02039184326
50	3	9,909	99.05037984806
51	1	9,910	99.06037584966
52	2	9,912	99.08036785286
53	3	9,915	99.11035585766
54	0	9,915	99.11035585766
55	2	9,917	99.13034786086
56	1	9,918	99.14034386246
57	1	9,919	99.15033986405
58	0	9,919	99.15033986405
59	2	9,921	99.17033186725
60	2	9,923	99.19032387045
61	0	9,923	99.19032387045
62	5	9,928	99.24030387845
63	1	9,929	99.25029988005
64	2	9,931	99.27029188325
65	3	9,934	99.30027988804
66	3	9,937	99.33026789284
67	1	9,938	99.34026389444
68	0	9,938	99.34026389444
69	0	9,938	99.34026389444
70	1	9,939	99.35025989604
71	1	9,940	99.36025589764
72	2	9,942	99.38024790084
73	0	9,942	99.38024790084
74	1	9,943	99.39024390244
75	1	9,944	99.40023990404
76	2	9,946	99.42023190724
77	0	9,946	99.42023190724
78	0	9,946	99.42023190724
79	1	9,947	99.43022790884
80	3	9,950	99.46021591363
81	1	9,951	99.47021191523
82	1	9,952	99.48020791683
83	1	9,953	99.49020391843
84	1	9,954	99.50019992003
85	1	9,955	99.51019592163
86	1	9,956	99.52019192323
87	1	9,957	99.53018792483
88	0	9,957	99.53018792483
89	0	9,957	99.53018792483
90	1	9,958	99.54018392643
91	0	9,958	99.54018392643
92	2	9,960	99.56017592963
93	0	9,960	99.56017592963
94	0	9,960	99.56017592963
95	1	9,961	99.57017193123
96	1	9,962	99.58016793283
97	0	9,962	99.58016793283
98	0	9,962	99.58016793283
99	0	9,962	99.58016793283
100	0	9,962	99.58016793283
101	0	9,962	99.58016793283
102	0	9,962	99.58016793283
103	0	9,962	99.58016793283
104	0	9,962	99.58016793283
105	2	9,964	99.60015993603
106	0	9,964	99.60015993603
107	0	9,964	99.60015993603
108	0	9,964	99.60015993603
109	0	9,964	99.60015993603
110	0	9,964	99.60015993603
111	2	9,966	99.62015193922
112	0	9,966	99.62015193922
113	1	9,967	99.63014794082
114	0	9,967	99.63014794082
115	0	9,967	99.63014794082
116	0	9,967	99.63014794082
117	0	9,967	99.63014794082
118	0	9,967	99.63014794082
119	0	9,967	99.63014794082
120	0	9,967	99.63014794082
121	0	9,967	99.63014794082
122	0	9,967	99.63014794082
123	0	9,967	99.63014794082
124	1	9,968	99.64014394242
125	0	9,968	99.64014394242
126	0	9,968	99.64014394242
127	1	9,969	99.65013994402
128	1	9,970	99.66013594562
129	0	9,970	99.66013594562
130	0	9,970	99.66013594562
131	0	9,970	99.66013594562
132	0	9,970	99.66013594562
133	0	9,970	99.66013594562
134	0	9,970	99.66013594562
135	0	9,970	99.66013594562
136	1	9,971	99.67013194722
137	1	9,972	99.68012794882
138	0	9,972	99.68012794882
139	0	9,972	99.68012794882
140	0	9,972	99.68012794882
141	0	9,972	99.68012794882
142	1	9,973	99.69012395042
143	0	9,973	99.69012395042
144	1	9,974	99.70011995202
145	0	9,974	99.70011995202
146	0	9,974	99.70011995202
147	0	9,974	99.70011995202
148	0	9,974	99.70011995202
149	0	9,974	99.70011995202
150	1	9,975	99.71011595362
151	0	9,975	99.71011595362
152	0	9,975	99.71011595362
153	0	9,975	99.71011595362
154	0	9,975	99.71011595362
155	0	9,975	99.71011595362
156	0	9,975	99.71011595362
157	0	9,975	99.71011595362
158	0	9,975	99.71011595362
159	0	9,975	99.71011595362
160	0	9,975	99.71011595362
161	0	9,975	99.71011595362
162	0	9,975	99.71011595362
163	0	9,975	99.71011595362
164	0	9,975	99.71011595362
165	0	9,975	99.71011595362
166	0	9,975	99.71011595362
167	1	9,976	99.72011195522
168	1	9,977	99.73010795682
169	0	9,977	99.73010795682
170	1	9,978	99.74010395842
171	0	9,978	99.74010395842
172	0	9,978	99.74010395842
173	0	9,978	99.74010395842
174	1	9,979	99.75009996002
175	0	9,979	99.75009996002
176	0	9,979	99.75009996002
177	0	9,979	99.75009996002
178	0	9,979	99.75009996002
179	0	9,979	99.75009996002
180	0	9,979	99.75009996002
181	1	9,980	99.76009596162
182	0	9,980	99.76009596162
183	0	9,980	99.76009596162
184	0	9,980	99.76009596162
185	0	9,980	99.76009596162
186	0	9,980	99.76009596162
187	0	9,980	99.76009596162
188	0	9,980	99.76009596162
189	0	9,980	99.76009596162
190	0	9,980	99.76009596162
191	0	9,980	99.76009596162
192	0	9,980	99.76009596162
193	0	9,980	99.76009596162
194	0	9,980	99.76009596162
195	0	9,980	99.76009596162
196	0	9,980	99.76009596162
197	1	9,981	99.77009196321
198	0	9,981	99.77009196321
199	1	9,982	99.78008796481
200	0	9,982	99.78008796481
201	1	9,983	99.79008396641
202	0	9,983	99.79008396641
203	0	9,983	99.79008396641
204	0	9,983	99.79008396641
205	0	9,983	99.79008396641
206	0	9,983	99.79008396641
207	1	9,984	99.80007996801
208	0	9,984	99.80007996801
209	1	9,985	99.81007596961
210	0	9,985	99.81007596961
211	1	9,986	99.82007197121
212	0	9,986	99.82007197121
213	0	9,986	99.82007197121
214	1	9,987	99.83006797281
215	0	9,987	99.83006797281
216	1	9,988	99.84006397441
217	1	9,989	99.85005997601
218	1	9,990	99.86005597761
219	0	9,990	99.86005597761
220	0	9,990	99.86005597761
221	0	9,990	99.86005597761
222	0	9,990	99.86005597761
223	0	9,990	99.86005597761
224	0	9,990	99.86005597761
225	0	9,990	99.86005597761
226	0	9,990	99.86005597761
227	0	9,990	99.86005597761
228	0	9,990	99.86005597761
229	0	9,990	99.86005597761
230	0	9,990	99.86005597761
231	0	9,990	99.86005597761
232	0	9,990	99.86005597761
233	1	9,991	99.87005197921
234	0	9,991	99.87005197921
235	0	9,991	99.87005197921
236	0	9,991	99.87005197921
237	0	9,991	99.87005197921
238	0	9,991	99.87005197921
239	0	9,991	99.87005197921
240	0	9,991	99.87005197921
241	0	9,991	99.87005197921
242	0	9,991	99.87005197921
243	0	9,991	99.87005197921
244	0	9,991	99.87005197921
245	0	9,991	99.87005197921
246	0	9,991	99.87005197921
247	0	9,991	99.87005197921
248	0	9,991	99.87005197921
249	0	9,991	99.87005197921
250	0	9,991	99.87005197921
251	0	9,991	99.87005197921
252	0	9,991	99.87005197921
253	0	9,991	99.87005197921
254	0	9,991	99.87005197921
255	0	9,991	99.87005197921
256	0	9,991	99.87005197921
257	0	9,991	99.87005197921
258	0	9,991	99.87005197921
259	0	9,991	99.87005197921
260	0	9,991	99.87005197921
261	0	9,991	99.87005197921
262	0	9,991	99.87005197921
263	0	9,991	99.87005197921
264	0	9,991	99.87005197921
265	0	9,991	99.87005197921
266	0	9,991	99.87005197921
267	0	9,991	99.87005197921
268	0	9,991	99.87005197921
269	0	9,991	99.87005197921
270	0	9,991	99.87005197921
271	0	9,991	99.87005197921
272	0	9,991	99.87005197921
273	0	9,991	99.87005197921
274	0	9,991	99.87005197921
275	0	9,991	99.87005197921
276	0	9,991	99.87005197921
277	0	9,991	99.87005197921
278	0	9,991	99.87005197921
279	0	9,991	99.87005197921
280	0	9,991	99.87005197921
281	1	9,992	99.88004798081
282	0	9,992	99.88004798081
283	0	9,992	99.88004798081
284	0	9,992	99.88004798081
285	0	9,992	99.88004798081
286	0	9,992	99.88004798081
287	0	9,992	99.88004798081
288	0	9,992	99.88004798081
289	0	9,992	99.88004798081
290	0	9,992	99.88004798081
291	0	9,992	99.88004798081
292	0	9,992	99.88004798081
293	1	9,993	99.89004398241
294	0	9,993	99.89004398241
295	0	9,993	99.89004398241
296	0	9,993	99.89004398241
297	0	9,993	99.89004398241
298	0	9,993	99.89004398241
299	0	9,993	99.89004398241
300	0	9,993	99.89004398241
301	0	9,993	99.89004398241
302	0	9,993	99.89004398241
303	0	9,993	99.89004398241
304	0	9,993	99.89004398241
305	0	9,993	99.89004398241
306	0	9,993	99.89004398241
307	0	9,993	99.89004398241
308	0	9,993	99.89004398241
309	0	9,993	99.89004398241
310	0	9,993	99.89004398241
311	0	9,993	99.89004398241
312	0	9,993	99.89004398241
313	0	9,993	99.89004398241
314	0	9,993	99.89004398241
315	0	9,993	99.89004398241
316	0	9,993	99.89004398241
317	0	9,993	99.89004398241
318	0	9,993	99.89004398241
319	0	9,993	99.89004398241
320	0	9,993	99.89004398241
321	0	9,993	99.89004398241
322	0	9,993	99.89004398241
323	0	9,993	99.89004398241
324	0	9,993	99.89004398241
325	0	9,993	99.89004398241
326	0	9,993	99.89004398241
327	0	9,993	99.89004398241
328	0	9,993	99.89004398241
329	0	9,993	99.89004398241
330	0	9,993	99.89004398241
331	0	9,993	99.89004398241
332	0	9,993	99.89004398241
333	0	9,993	99.89004398241
334	0	9,993	99.89004398241
335	0	9,993	99.89004398241
336	0	9,993	99.89004398241
337	0	9,993	99.89004398241
338	0	9,993	99.89004398241
339	0	9,993	99.89004398241
340	0	9,993	99.89004398241
341	0	9,993	99.89004398241
342	0	9,993	99.89004398241
343	0	9,993	99.89004398241
344	0	9,993	99.89004398241
345	0	9,993	99.89004398241
346	0	9,993	99.89004398241
347	0	9,993	99.89004398241
348	0	9,993	99.89004398241
349	0	9,993	99.89004398241
350	0	9,993	99.89004398241
351	0	9,993	99.89004398241
352	0	9,993	99.89004398241
353	0	9,993	99.89004398241
354	0	9,993	99.89004398241
355	0	9,993	99.89004398241
356	0	9,993	99.89004398241
357	0	9,993	99.89004398241
358	0	9,993	99.89004398241
359	0	9,993	99.89004398241
360	0	9,993	99.89004398241
361	0	9,993	99.89004398241
362	0	9,993	99.89004398241
363	0	9,993	99.89004398241
364	0	9,993	99.89004398241
365	0	9,993	99.89004398241
366	0	9,993	99.89004398241
367	0	9,993	99.89004398241
368	0	9,993	99.89004398241
369	0	9,993	99.89004398241
370	0	9,993	99.89004398241
371	0	9,993	99.89004398241
372	0	9,993	99.89004398241
373	0	9,993	99.89004398241
374	0	9,993	99.89004398241
375	0	9,993	99.89004398241
376	0	9,993	99.89004398241
377	0	9,993	99.89004398241
378	0	9,993	99.89004398241
379	0	9,993	99.89004398241
380	0	9,993	99.89004398241
381	0	9,993	99.89004398241
382	0	9,993	99.89004398241
383	0	9,993	99.89004398241
384	0	9,993	99.89004398241
385	0	9,993	99.89004398241
386	0	9,993	99.89004398241
387	0	9,993	99.89004398241
388	0	9,993	99.89004398241
389	0	9,993	99.89004398241
390	0	9,993	99.89004398241
391	1	9,994	99.90003998401
392	0	9,994	99.90003998401
393	0	9,994	99.90003998401
394	0	9,994	99.90003998401
395	0	9,994	99.90003998401
396	0	9,994	99.90003998401
397	0	9,994	99.90003998401
398	0	9,994	99.90003998401
399	0	9,994	99.90003998401
400	0	9,994	99.90003998401
401	0	9,994	99.90003998401
402	0	9,994	99.90003998401
403	0	9,994	99.90003998401
404	0	9,994	99.90003998401
405	0	9,994	99.90003998401
406	0	9,994	99.90003998401
407	1	9,995	99.91003598561
408	0	9,995	99.91003598561
409	0	9,995	99.91003598561
410	0	9,995	99.91003598561
411	0	9,995	99.91003598561
412	0	9,995	99.91003598561
413	0	9,995	99.91003598561
414	0	9,995	99.91003598561
415	0	9,995	99.91003598561
416	0	9,995	99.91003598561
417	0	9,995	99.91003598561
418	0	9,995	99.91003598561
419	0	9,995	99.91003598561
420	0	9,995	99.91003598561
421	0	9,995	99.91003598561
422	0	9,995	99.91003598561
423	0	9,995	99.91003598561
424	0	9,995	99.91003598561
425	0	9,995	99.91003598561
426	0	9,995	99.91003598561
427	0	9,995	99.91003598561
428	0	9,995	99.91003598561
429	1	9,996	99.92003198721
430	0	9,996	99.92003198721
431	0	9,996	99.92003198721
432	0	9,996	99.92003198721
433	0	9,996	99.92003198721
434	0	9,996	99.92003198721
435	0	9,996	99.92003198721
436	0	9,996	99.92003198721
437	0	9,996	99.92003198721
438	0	9,996	99.92003198721
439	0	9,996	99.92003198721
440	0	9,996	99.92003198721
441	0	9,996	99.92003198721
442	0	9,996	99.92003198721
443	0	9,996	99.92003198721
444	0	9,996	99.92003198721
445	0	9,996	99.92003198721
446	0	9,996	99.92003198721
447	0	9,996	99.92003198721
448	0	9,996	99.92003198721
449	0	9,996	99.92003198721
450	0	9,996	99.92003198721
451	0	9,996	99.92003198721
452	0	9,996	99.92003198721
453	0	9,996	99.92003198721
454	0	9,996	99.92003198721
455	0	9,996	99.92003198721
456	0	9,996	99.92003198721
457	0	9,996	99.92003198721
458	0	9,996	99.92003198721
459	0	9,996	99.92003198721
460	0	9,996	99.92003198721
461	0	9,996	99.92003198721
462	0	9,996	99.92003198721
463	0	9,996	99.92003198721
464	0	9,996	99.92003198721
465	0	9,996	99.92003198721
466	0	9,996	99.92003198721
467	0	9,996	99.92003198721
468	0	9,996	99.92003198721
469	0	9,996	99.92003198721
470	0	9,996	99.92003198721
471	0	9,996	99.92003198721
472	0	9,996	99.92003198721
473	0	9,996	99.92003198721
474	0	9,996	99.92003198721
475	0	9,996	99.92003198721
476	0	9,996	99.92003198721
477	0	9,996	99.92003198721
478	0	9,996	99.92003198721
479	0	9,996	99.92003198721
480	0	9,996	99.92003198721
481	0	9,996	99.92003198721
482	0	9,996	99.92003198721
483	0	9,996	99.92003198721
484	0	9,996	99.92003198721
485	0	9,996	99.92003198721
486	0	9,996	99.92003198721
487	0	9,996	99.92003198721
488	0	9,996	99.92003198721
489	0	9,996	99.92003198721
490	0	9,996	99.92003198721
491	0	9,996	99.92003198721
492	0	9,996	99.92003198721
493	0	9,996	99.92003198721
494	0	9,996	99.92003198721
495	0	9,996	99.92003198721
496	0	9,996	99.92003198721
497	0	9,996	99.92003198721
498	0	9,996	99.92003198721
499	0	9,996	99.92003198721
500	0	9,996	99.92003198721
501	0	9,996	99.92003198721
502	0	9,996	99.92003198721
503	0	9,996	99.92003198721
504	0	9,996	99.92003198721
505	0	9,996	99.92003198721
506	0	9,996	99.92003198721
507	0	9,996	99.92003198721
508	0	9,996	99.92003198721
509	0	9,996	99.92003198721
510	0	9,996	99.92003198721
511	0	9,996	99.92003198721
512	0	9,996	99.92003198721
513	0	9,996	99.92003198721
514	0	9,996	99.92003198721
515	0	9,996	99.92003198721
516	0	9,996	99.92003198721
517	0	9,996	99.92003198721
518	0	9,996	99.92003198721
519	0	9,996	99.92003198721
520	0	9,996	99.92003198721
521	0	9,996	99.92003198721
522	0	9,996	99.92003198721
523	0	9,996	99.92003198721
524	0	9,996	99.92003198721
525	0	9,996	99.92003198721
526	0	9,996	99.92003198721
527	0	9,996	99.92003198721
528	0	9,996	99.92003198721
529	0	9,996	99.92003198721
530	0	9,996	99.92003198721
531	0	9,996	99.92003198721
532	0	9,996	99.92003198721
533	0	9,996	99.92003198721
534	0	9,996	99.92003198721
535	0	9,996	99.92003198721
536	1	9,997	99.9300279888
537	0	9,997	99.9300279888
538	0	9,997	99.9300279888
539	0	9,997	99.9300279888
540	0	9,997	99.9300279888
541	0	9,997	99.9300279888
542	0	9,997	99.9300279888
543	0	9,997	99.9300279888
544	0	9,997	99.9300279888
545	0	9,997	99.9300279888
546	0	9,997	99.9300279888
547	0	9,997	99.9300279888
548	0	9,997	99.9300279888
549	0	9,997	99.9300279888
550	0	9,997	99.9300279888
551	0	9,997	99.9300279888
552	0	9,997	99.9300279888
553	0	9,997	99.9300279888
554	0	9,997	99.9300279888
555	0	9,997	99.9300279888
556	0	9,997	99.9300279888
557	0	9,997	99.9300279888
558	0	9,997	99.9300279888
559	0	9,997	99.9300279888
560	0	9,997	99.9300279888
561	0	9,997	99.9300279888
562	0	9,997	99.9300279888
563	0	9,997	99.9300279888
564	0	9,997	99.9300279888
565	0	9,997	99.9300279888
566	0	9,997	99.9300279888
567	0	9,997	99.9300279888
568	0	9,997	99.9300279888
569	0	9,997	99.9300279888
570	0	9,997	99.9300279888
571	0	9,997	99.9300279888
572	0	9,997	99.9300279888
573	0	9,997	99.9300279888
574	0	9,997	99.9300279888
575	0	9,997	99.9300279888
576	0	9,997	99.9300279888
577	0	9,997	99.9300279888
578	0	9,997	99.9300279888
579	0	9,997	99.9300279888
580	0	9,997	99.9300279888
581	0	9,997	99.9300279888
582	0	9,997	99.9300279888
583	0	9,997	99.9300279888
584	0	9,997	99.9300279888
585	0	9,997	99.9300279888
586	0	9,997	99.9300279888
587	0	9,997	99.9300279888
588	0	9,997	99.9300279888
589	0	9,997	99.9300279888
590	0	9,997	99.9300279888
591	0	9,997	99.9300279888
592	0	9,997	99.9300279888
593	0	9,997	99.9300279888
594	0	9,997	99.9300279888
595	0	9,997	99.9300279888
596	0	9,997	99.9300279888
597	0	9,997	99.9300279888
598	0	9,997	99.9300279888
599	0	9,997	99.9300279888
600	0	9,997	99.9300279888
601	0	9,997	99.9300279888
602	0	9,997	99.9300279888
603	0	9,997	99.9300279888
604	0	9,997	99.9300279888
605	0	9,997	99.9300279888
606	0	9,997	99.9300279888
607	0	9,997	99.9300279888
608	0	9,997	99.9300279888
609	0	9,997	99.9300279888
610	0	9,997	99.9300279888
611	0	9,997	99.9300279888
612	0	9,997	99.9300279888
613	0	9,997	99.9300279888
614	0	9,997	99.9300279888
615	0	9,997	99.9300279888
616	0	9,997	99.9300279888
617	0	9,997	99.9300279888
618	0	9,997	99.9300279888
619	0	9,997	99.9300279888
620	0	9,997	99.9300279888
621	0	9,997	99.9300279888
622	0	9,997	99.9300279888
623	0	9,997	99.9300279888
624	0	9,997	99.9300279888
625	0	9,997	99.9300279888
626	0	9,997	99.9300279888
627	0	9,997	99.9300279888
628	0	9,997	99.9300279888
629	0	9,997	99.9300279888
630	0	9,997	99.9300279888
631	0	9,997	99.9300279888
632	0	9,997	99.9300279888
633	0	9,997	99.9300279888
634	0	9,997	99.9300279888
635	0	9,997	99.9300279888
636	0	9,997	99.9300279888
637	0	9,997	99.9300279888
638	0	9,997	99.9300279888
639	0	9,997	99.9300279888
640	0	9,997	99.9300279888
641	0	9,997	99.9300279888
642	0	9,997	99.9300279888
643	0	9,997	99.9300279888
644	0	9,997	99.9300279888
645	0	9,997	99.9300279888
646	0	9,997	99.9300279888
647	0	9,997	99.9300279888
648	0	9,997	99.9300279888
649	0	9,997	99.9300279888
650	0	9,997	99.9300279888
651	0	9,997	99.9300279888
652	0	9,997	99.9300279888
653	0	9,997	99.9300279888
654	0	9,997	99.9300279888
655	0	9,997	99.9300279888
656	0	9,997	99.9300279888
657	0	9,997	99.9300279888
658	0	9,997	99.9300279888
659	0	9,997	99.9300279888
660	0	9,997	99.9300279888
661	0	9,997	99.9300279888
662	0	9,997	99.9300279888
663	0	9,997	99.9300279888
664	0	9,997	99.9300279888
665	0	9,997	99.9300279888
666	0	9,997	99.9300279888
667	0	9,997	99.9300279888
668	0	9,997	99.9300279888
669	0	9,997	99.9300279888
670	0	9,997	99.9300279888
671	0	9,997	99.9300279888
672	0	9,997	99.9300279888
673	0	9,997	99.9300279888
674	0	9,997	99.9300279888
675	0	9,997	99.9300279888
676	0	9,997	99.9300279888
677	0	9,997	99.9300279888
678	0	9,997	99.9300279888
679	0	9,997	99.9300279888
680	0	9,997	99.9300279888
681	0	9,997	99.9300279888
682	0	9,997	99.9300279888
683	0	9,997	99.9300279888
684	0	9,997	99.9300279888
685	0	9,997	99.9300279888
686	0	9,997	99.9300279888
687	0	9,997	99.9300279888
688	0	9,997	99.9300279888
689	0	9,997	99.9300279888
690	0	9,997	99.9300279888
691	0	9,997	99.9300279888
692	0	9,997	99.9300279888
693	0	9,997	99.9300279888
694	0	9,997	99.9300279888
695	0	9,997	99.9300279888
696	0	9,997	99.9300279888
697	0	9,997	99.9300279888
698	0	9,997	99.9300279888
699	0	9,997	99.9300279888
700	0	9,997	99.9300279888
701	0	9,997	99.9300279888
702	0	9,997	99.9300279888
703	0	9,997	99.9300279888
704	0	9,997	99.9300279888
705	0	9,997	99.9300279888
706	0	9,997	99.9300279888
707	0	9,997	99.9300279888
708	0	9,997	99.9300279888
709	0	9,997	99.9300279888
710	0	9,997	99.9300279888
711	0	9,997	99.9300279888
712	0	9,997	99.9300279888
713	0	9,997	99.9300279888
714	0	9,997	99.9300279888
715	0	9,997	99.9300279888
716	0	9,997	99.9300279888
717	0	9,997	99.9300279888
718	0	9,997	99.9300279888
719	0	9,997	99.9300279888
720	0	9,997	99.9300279888
721	0	9,997	99.9300279888
722	0	9,997	99.9300279888
723	0	9,997	99.9300279888
724	0	9,997	99.9300279888
725	0	9,997	99.9300279888
726	0	9,997	99.9300279888
727	1	9,998	99.9400239904
728	0	9,998	99.9400239904
729	0	9,998	99.9400239904
730	0	9,998	99.9400239904
731	0	9,998	99.9400239904
732	0	9,998	99.9400239904
733	0	9,998	99.9400239904
734	0	9,998	99.9400239904
735	0	9,998	99.9400239904
736	0	9,998	99.9400239904
737	0	9,998	99.9400239904
738	0	9,998	99.9400239904
739	0	9,998	99.9400239904
740	0	9,998	99.9400239904
741	0	9,998	99.9400239904
742	0	9,998	99.9400239904
743	0	9,998	99.9400239904
744	0	9,998	99.9400239904
745	0	9,998	99.9400239904
746	0	9,998	99.9400239904
747	0	9,998	99.9400239904
748	0	9,998	99.9400239904
749	0	9,998	99.9400239904
750	0	9,998	99.9400239904
751	0	9,998	99.9400239904
752	0	9,998	99.9400239904
753	0	9,998	99.9400239904
754	0	9,998	99.9400239904
755	0	9,998	99.9400239904
756	0	9,998	99.9400239904
757	0	9,998	99.9400239904
758	0	9,998	99.9400239904
759	0	9,998	99.9400239904
760	0	9,998	99.9400239904
761	0	9,998	99.9400239904
762	0	9,998	99.9400239904
763	0	9,998	99.9400239904
764	0	9,998	99.9400239904
765	0	9,998	99.9400239904
766	0	9,998	99.9400239904
767	0	9,998	99.9400239904
768	0	9,998	99.9400239904
769	0	9,998	99.9400239904
770	0	9,998	99.9400239904
771	0	9,998	99.9400239904
772	0	9,998	99.9400239904
773	0	9,998	99.9400239904
774	0	9,998	99.9400239904
775	0	9,998	99.9400239904
776	0	9,998	99.9400239904
777	0	9,998	99.9400239904
778	0	9,998	99.9400239904
779	0	9,998	99.9400239904
780	0	9,998	99.9400239904
781	0	9,998	99.9400239904
782	0	9,998	99.9400239904
783	0	9,998	99.9400239904
784	0	9,998	99.9400239904
785	0	9,998	99.9400239904
786	0	9,998	99.9400239904
787	0	9,998	99.9400239904
788	0	9,998	99.9400239904
789	0	9,998	99.9400239904
790	1	9,999	99.950019992
791	0	9,999	99.950019992
792	0	9,999	99.950019992
793	0	9,999	99.950019992
794	0	9,999	99.950019992
795	0	9,999	99.950019992
796	0	9,999	99.950019992
797	0	9,999	99.950019992
798	0	9,999	99.950019992
799	0	9,999	99.950019992
800	0	9,999	99.950019992
801	0	9,999	99.950019992
802	0	9,999	99.950019992
803	0	9,999	99.950019992
804	0	9,999	99.950019992
805	0	9,999	99.950019992
806	0	9,999	99.950019992
807	0	9,999	99.950019992
808	0	9,999	99.950019992
809	0	9,999	99.950019992
810	0	9,999	99.950019992
811	0	9,999	99.950019992
812	0	9,999	99.950019992
813	0	9,999	99.950019992
814	0	9,999	99.950019992
815	0	9,999	99.950019992
816	0	9,999	99.950019992
817	0	9,999	99.950019992
818	0	9,999	99.950019992
819	0	9,999	99.950019992
820	0	9,999	99.950019992
821	0	9,999	99.950019992
822	0	9,999	99.950019992
823	0	9,999	99.950019992
824	0	9,999	99.950019992
825	0	9,999	99.950019992
826	0	9,999	99.950019992
827	0	9,999	99.950019992
828	0	9,999	99.950019992
829	0	9,999	99.950019992
830	0	9,999	99.950019992
831	0	9,999	99.950019992
832	0	9,999	99.950019992
833	0	9,999	99.950019992
834	0	9,999	99.950019992
835	0	9,999	99.950019992
836	0	9,999	99.950019992
837	0	9,999	99.950019992
838	0	9,999	99.950019992
839	0	9,999	99.950019992
840	0	9,999	99.950019992
841	0	9,999	99.950019992
842	0	9,999	99.950019992
843	0	9,999	99.950019992
844	0	9,999	99.950019992
845	0	9,999	99.950019992
846	0	9,999	99.950019992
847	0	9,999	99.950019992
848	0	9,999	99.950019992
849	0	9,999	99.950019992
850	0	9,999	99.950019992
851	0	9,999	99.950019992
852	0	9,999	99.950019992
853	0	9,999	99.950019992
854	0	9,999	99.950019992
855	0	9,999	99.950019992
856	0	9,999	99.950019992
857	0	9,999	99.950019992
858	0	9,999	99.950019992
859	0	9,999	99.950019992
860	0	9,999	99.950019992
861	0	9,999	99.950019992
862	0	9,999	99.950019992
863	0	9,999	99.950019992
864	0	9,999	99.950019992
865	0	9,999	99.950019992
866	0	9,999	99.950019992
867	0	9,999	99.950019992
868	0	9,999	99.950019992
869	0	9,999	99.950019992
870	0	9,999	99.950019992
871	0	9,999	99.950019992
872	0	9,999	99.950019992
873	0	9,999	99.950019992
874	0	9,999	99.950019992
875	0	9,999	99.950019992
876	0	9,999	99.950019992
877	0	9,999	99.950019992
878	0	9,999	99.950019992
879	0	9,999	99.950019992
880	0	9,999	99.950019992
881	0	9,999	99.950019992
882	0	9,999	99.950019992
883	0	9,999	99.950019992
884	0	9,999	99.950019992
885	0	9,999	99.950019992
886	0	9,999	99.950019992
887	0	9,999	99.950019992
888	0	9,999	99.950019992
889	0	9,999	99.950019992
890	0	9,999	99.950019992
891	0	9,999	99.950019992
892	0	9,999	99.950019992
893	0	9,999	99.950019992
894	0	9,999	99.950019992
895	0	9,999	99.950019992
896	0	9,999	99.950019992
897	0	9,999	99.950019992
898	0	9,999	99.950019992
899	0	9,999	99.950019992
900	0	9,999	99.950019992
901	0	9,999	99.950019992
902	0	9,999	99.950019992
903	0	9,999	99.950019992
904	0	9,999	99.950019992
905	0	9,999	99.950019992
906	0	9,999	99.950019992
907	0	9,999	99.950019992
908	0	9,999	99.950019992
909	0	9,999	99.950019992
910	0	9,999	99.950019992
911	0	9,999	99.950019992
912	0	9,999	99.950019992
913	0	9,999	99.950019992
914	0	9,999	99.950019992
915	0	9,999	99.950019992
916	0	9,999	99.950019992
917	0	9,999	99.950019992
918	0	9,999	99.950019992
919	0	9,999	99.950019992
920	0	9,999	99.950019992
921	0	9,999	99.950019992
922	0	9,999	99.950019992
923	0	9,999	99.950019992
924	0	9,999	99.950019992
925	0	9,999	99.950019992
926	0	9,999	99.950019992
927	0	9,999	99.950019992
928	0	9,999	99.950019992
929	0	9,999	99.950019992
930	0	9,999	99.950019992
931	0	9,999	99.950019992
932	0	9,999	99.950019992
933	0	9,999	99.950019992
934	0	9,999	99.950019992
935	0	9,999	99.950019992
936	0	9,999	99.950019992
937	0	9,999	99.950019992
938	0	9,999	99.950019992
939	0	9,999	99.950019992
940	0	9,999	99.950019992
941	0	9,999	99.950019992
942	0	9,999	99.950019992
943	0	9,999	99.950019992
944	0	9,999	99.950019992
945	0	9,999	99.950019992
946	0	9,999	99.950019992
947	0	9,999	99.950019992
948	0	9,999	99.950019992
949	0	9,999	99.950019992
950	0	9,999	99.950019992
951	0	9,999	99.950019992
952	0	9,999	99.950019992
953	0	9,999	99.950019992
954	0	9,999	99.950019992
955	0	9,999	99.950019992
956	0	9,999	99.950019992
957	0	9,999	99.950019992
958	0	9,999	99.950019992
959	0	9,999	99.950019992
960	0	9,999	99.950019992
961	0	9,999	99.950019992
962	0	9,999	99.950019992
963	0	9,999	99.950019992
964	0	9,999	99.950019992
965	0	9,999	99.950019992
966	0	9,999	99.950019992
967	0	9,999	99.950019992
968	0	9,999	99.950019992
969	0	9,999	99.950019992
970	0	9,999	99.950019992
971	0	9,999	99.950019992
972	0	9,999	99.950019992
973	0	9,999	99.950019992
974	0	9,999	99.950019992
975	0	9,999	99.950019992
976	0	9,999	99.950019992
977	0	9,999	99.950019992
978	0	9,999	99.950019992
979	0	9,999	99.950019992
980	0	9,999	99.950019992
981	0	9,999	99.950019992
982	0	9,999	99.950019992
983	0	9,999	99.950019992
984	0	9,999	99.950019992
985	0	9,999	99.950019992
986	0	9,999	99.950019992
987	0	9,999	99.950019992
988	0	9,999	99.950019992
989	0	9,999	99.950019992
990	0	9,999	99.950019992
991	0	9,999	99.950019992
992	0	9,999	99.950019992
993	0	9,999	99.950019992
994	0	9,999	99.950019992
995	0	9,999	99.950019992
996	0	9,999	99.950019992
997	0	9,999	99.950019992
998	0	9,999	99.950019992
999	0	9,999	99.950019992
1,000	0	9,999	99.950019992
1,001	0	9,999	99.950019992
1,002	0	9,999	99.950019992
1,003	0	9,999	99.950019992
1,004	0	9,999	99.950019992
1,005	0	9,999	99.950019992
1,006	0	9,999	99.950019992
1,007	0	9,999	99.950019992
1,008	0	9,999	99.950019992
1,009	0	9,999	99.950019992
1,010	0	9,999	99.950019992
1,011	0	9,999	99.950019992
1,012	0	9,999	99.950019992
1,013	0	9,999	99.950019992
1,014	0	9,999	99.950019992
1,015	0	9,999	99.950019992
1,016	1	10,000	99.9600159936
1,017	0	10,000	99.9600159936
1,018	0	10,000	99.9600159936
1,019	0	10,000	99.9600159936
1,020	0	10,000	99.9600159936
1,021	0	10,000	99.9600159936
1,022	0	10,000	99.9600159936
1,023	0	10,000	99.9600159936
1,024	0	10,000	99.9600159936
1,025	0	10,000	99.9600159936
1,026	0	10,000	99.9600159936
1,027	0	10,000	99.9600159936
1,028	0	10,000	99.9600159936
1,029	0	10,000	99.9600159936
1,030	0	10,000	99.9600159936
1,031	0	10,000	99.9600159936
1,032	0	10,000	99.9600159936
1,033	0	10,000	99.9600159936
1,034	0	10,000	99.9600159936
1,035	0	10,000	99.9600159936
1,036	0	10,000	99.9600159936
1,037	0	10,000	99.9600159936
1,038	0	10,000	99.9600159936
1,039	0	10,000	99.9600159936
1,040	0	10,000	99.9600159936
1,041	0	10,000	99.9600159936
1,042	0	10,000	99.9600159936
1,043	0	10,000	99.9600159936
1,044	0	10,000	99.9600159936
1,045	0	10,000	99.9600159936
1,046	0	10,000	99.9600159936
1,047	0	10,000	99.9600159936
1,048	0	10,000	99.9600159936
1,049	0	10,000	99.9600159936
1,050	0	10,000	99.9600159936
1,051	0	10,000	99.9600159936
1,052	0	10,000	99.9600159936
1,053	0	10,000	99.9600159936
1,054	0	10,000	99.9600159936
1,055	0	10,000	99.9600159936
1,056	0	10,000	99.9600159936
1,057	0	10,000	99.9600159936
1,058	0	10,000	99.9600159936
1,059	0	10,000	99.9600159936
1,060	0	10,000	99.9600159936
1,061	0	10,000	99.9600159936
1,062	0	10,000	99.9600159936
1,063	0	10,000	99.9600159936
1,064	0	10,000	99.9600159936
1,065	0	10,000	99.9600159936
1,066	0	10,000	99.9600159936
1,067	0	10,000	99.9600159936
1,068	0	10,000	99.9600159936
1,069	0	10,000	99.9600159936
1,070	0	10,000	99.9600159936
1,071	0	10,000	99.9600159936
1,072	0	10,000	99.9600159936
1,073	0	10,000	99.9600159936
1,074	0	10,000	99.9600159936
1,075	0	10,000	99.9600159936
1,076	0	10,000	99.9600159936
1,077	0	10,000	99.9600159936
1,078	0	10,000	99.9600159936
1,079	0	10,000	99.9600159936
1,080	0	10,000	99.9600159936
1,081	0	10,000	99.9600159936
1,082	0	10,000	99.9600159936
1,083	0	10,000	99.9600159936
1,084	0	10,000	99.9600159936
1,085	0	10,000	99.9600159936
1,086	0	10,000	99.9600159936
1,087	0	10,000	99.9600159936
1,088	0	10,000	99.9600159936
1,089	0	10,000	99.9600159936
1,090	0	10,000	99.9600159936
1,091	0	10,000	99.9600159936
1,092	0	10,000	99.9600159936
1,093	0	10,000	99.9600159936
1,094	0	10,000	99.9600159936
1,095	0	10,000	99.9600159936
1,096	0	10,000	99.9600159936
1,097	0	10,000	99.9600159936
1,098	0	10,000	99.9600159936
1,099	0	10,000	99.9600159936
1,100	0	10,000	99.9600159936
1,101	0	10,000	99.9600159936
1,102	0	10,000	99.9600159936
1,103	0	10,000	99.9600159936
1,104	0	10,000	99.9600159936
1,105	0	10,000	99.9600159936
1,106	0	10,000	99.9600159936
1,107	0	10,000	99.9600159936
1,108	0	10,000	99.9600159936
1,109	0	10,000	99.9600159936
1,110	0	10,000	99.9600159936
1,111	0	10,000	99.9600159936
1,112	0	10,000	99.9600159936
1,113	0	10,000	99.9600159936
1,114	0	10,000	99.9600159936
1,115	0	10,000	99.9600159936
1,116	0	10,000	99.9600159936
1,117	0	10,000	99.9600159936
1,118	0	10,000	99.9600159936
1,119	0	10,000	99.9600159936
1,120	0	10,000	99.9600159936
1,121	0	10,000	99.9600159936
1,122	0	10,000	99.9600159936
1,123	0	10,000	99.9600159936
1,124	1	10,001	99.9700119952
1,125	0	10,001	99.9700119952
1,126	0	10,001	99.9700119952
1,127	0	10,001	99.9700119952
1,128	0	10,001	99.9700119952
1,129	0	10,001	99.9700119952
1,130	0	10,001	99.9700119952
1,131	0	10,001	99.9700119952
1,132	0	10,001	99.9700119952
1,133	0	10,001	99.9700119952
1,134	0	10,001	99.9700119952
1,135	0	10,001	99.9700119952
1,136	0	10,001	99.9700119952
1,137	0	10,001	99.9700119952
1,138	0	10,001	99.9700119952
1,139	0	10,001	99.9700119952
1,140	0	10,001	99.9700119952
1,141	0	10,001	99.9700119952
1,142	0	10,001	99.9700119952
1,143	0	10,001	99.9700119952
1,144	0	10,001	99.9700119952
1,145	0	10,001	99.9700119952
1,146	0	10,001	99.9700119952
1,147	0	10,001	99.9700119952
1,148	0	10,001	99.9700119952
1,149	0	10,001	99.9700119952
1,150	0	10,001	99.9700119952
1,151	0	10,001	99.9700119952
1,152	0	10,001	99.9700119952
1,153	0	10,001	99.9700119952
1,154	0	10,001	99.9700119952
1,155	0	10,001	99.9700119952
1,156	0	10,001	99.9700119952
1,157	0	10,001	99.9700119952
1,158	0	10,001	99.9700119952
1,159	0	10,001	99.9700119952
1,160	0	10,001	99.9700119952
1,161	0	10,001	99.9700119952
1,162	0	10,001	99.9700119952
1,163	0	10,001	99.9700119952
1,164	0	10,001	99.9700119952
1,165	0	10,001	99.9700119952
1,166	0	10,001	99.9700119952
1,167	0	10,001	99.9700119952
1,168	0	10,001	99.9700119952
1,169	0	10,001	99.9700119952
1,170	0	10,001	99.9700119952
1,171	0	10,001	99.9700119952
1,172	0	10,001	99.9700119952
1,173	0	10,001	99.9700119952
1,174	0	10,001	99.9700119952
1,175	0	10,001	99.9700119952
1,176	0	10,001	99.9700119952
1,177	0	10,001	99.9700119952
1,178	0	10,001	99.9700119952
1,179	0	10,001	99.9700119952
1,180	1	10,002	99.9800079968
1,181	0	10,002	99.9800079968
1,182	0	10,002	99.9800079968
1,183	0	10,002	99.9800079968
1,184	0	10,002	99.9800079968
1,185	0	10,002	99.9800079968
1,186	0	10,002	99.9800079968
1,187	0	10,002	99.9800079968
1,188	0	10,002	99.9800079968
1,189	0	10,002	99.9800079968
1,190	0	10,002	99.9800079968
1,191	0	10,002	99.9800079968
1,192	0	10,002	99.9800079968
1,193	0	10,002	99.9800079968
1,194	0	10,002	99.9800079968
1,195	0	10,002	99.9800079968
1,196	0	10,002	99.9800079968
1,197	0	10,002	99.9800079968
1,198	0	10,002	99.9800079968
1,199	0	10,002	99.9800079968
1,200	0	10,002	99.9800079968
1,201	0	10,002	99.9800079968
1,202	0	10,002	99.9800079968
1,203	0	10,002	99.9800079968
1,204	0	10,002	99.9800079968
1,205	0	10,002	99.9800079968
1,206	0	10,002	99.9800079968
1,207	0	10,002	99.9800079968
1,208	0	10,002	99.9800079968
1,209	0	10,002	99.9800079968
1,210	0	10,002	99.9800079968
1,211	0	10,002	99.9800079968
1,212	0	10,002	99.9800079968
1,213	0	10,002	99.9800079968
1,214	0	10,002	99.9800079968
1,215	0	10,002	99.9800079968
1,216	0	10,002	99.9800079968
1,217	0	10,002	99.9800079968
1,218	0	10,002	99.9800079968
1,219	0	10,002	99.9800079968
1,220	0	10,002	99.9800079968
1,221	0	10,002	99.9800079968
1,222	0	10,002	99.9800079968
1,223	0	10,002	99.9800079968
1,224	0	10,002	99.9800079968
1,225	0	10,002	99.9800079968
1,226	0	10,002	99.9800079968
1,227	0	10,002	99.9800079968
1,228	0	10,002	99.9800079968
1,229	0	10,002	99.9800079968
1,230	0	10,002	99.9800079968
1,231	0	10,002	99.9800079968
1,232	0	10,002	99.9800079968
1,233	0	10,002	99.9800079968
1,234	0	10,002	99.9800079968
1,235	0	10,002	99.9800079968
1,236	0	10,002	99.9800079968
1,237	0	10,002	99.9800079968
1,238	0	10,002	99.9800079968
1,239	0	10,002	99.9800079968
1,240	0	10,002	99.9800079968
1,241	0	10,002	99.9800079968
1,242	0	10,002	99.9800079968
1,243	0	10,002	99.9800079968
1,244	0	10,002	99.9800079968
1,245	0	10,002	99.9800079968
1,246	0	10,002	99.9800079968
1,247	0	10,002	99.9800079968
1,248	0	10,002	99.9800079968
1,249	0	10,002	99.9800079968
1,250	0	10,002	99.9800079968
1,251	0	10,002	99.9800079968
1,252	0	10,002	99.9800079968
1,253	0	10,002	99.9800079968
1,254	0	10,002	99.9800079968
1,255	0	10,002	99.9800079968
1,256	0	10,002	99.9800079968
1,257	0	10,002	99.9800079968
1,258	0	10,002	99.9800079968
1,259	0	10,002	99.9800079968
1,260	0	10,002	99.9800079968
1,261	0	10,002	99.9800079968
1,262	0	10,002	99.9800079968
1,263	0	10,002	99.9800079968
1,264	0	10,002	99.9800079968
1,265	0	10,002	99.9800079968
1,266	0	10,002	99.9800079968
1,267	0	10,002	99.9800079968
1,268	0	10,002	99.9800079968
1,269	0	10,002	99.9800079968
1,270	0	10,002	99.9800079968
1,271	0	10,002	99.9800079968
1,272	0	10,002	99.9800079968
1,273	0	10,002	99.9800079968
1,274	0	10,002	99.9800079968
1,275	0	10,002	99.9800079968
1,276	0	10,002	99.9800079968
1,277	0	10,002	99.9800079968
1,278	0	10,002	99.9800079968
1,279	0	10,002	99.9800079968
1,280	0	10,002	99.9800079968
1,281	0	10,002	99.9800079968
1,282	0	10,002	99.9800079968
1,283	0	10,002	99.9800079968
1,284	0	10,002	99.9800079968
1,285	0	10,002	99.9800079968
1,286	0	10,002	99.9800079968
1,287	0	10,002	99.9800079968
1,288	0	10,002	99.9800079968
1,289	1	10,003	99.9900039984
1,290	0	10,003	99.9900039984
1,291	0	10,003	99.9900039984
1,292	0	10,003	99.9900039984
1,293	0	10,003	99.9900039984
1,294	0	10,003	99.9900039984
1,295	0	10,003	99.9900039984
1,296	0	10,003	99.9900039984
1,297	0	10,003	99.9900039984
1,298	0	10,003	99.9900039984
1,299	0	10,003	99.9900039984
1,300	0	10,003	99.9900039984
1,301	0	10,003	99.9900039984
1,302	0	10,003	99.9900039984
1,303	0	10,003	99.9900039984
1,304	0	10,003	99.9900039984
1,305	0	10,003	99.9900039984
1,306	0	10,003	99.9900039984
1,307	0	10,003	99.9900039984
1,308	0	10,003	99.9900039984
1,309	0	10,003	99.9900039984
1,310	0	10,003	99.9900039984
1,311	0	10,003	99.9900039984
1,312	0	10,003	99.9900039984
1,313	0	10,003	99.9900039984
1,314	0	10,003	99.9900039984
1,315	0	10,003	99.9900039984
1,316	0	10,003	99.9900039984
1,317	0	10,003	99.9900039984
1,318	0	10,003	99.9900039984
1,319	0	10,003	99.9900039984
1,320	0	10,003	99.9900039984
1,321	0	10,003	99.9900039984
1,322	0	10,003	99.9900039984
1,323	0	10,003	99.9900039984
1,324	0	10,003	99.9900039984
1,325	0	10,003	99.9900039984
1,326	0	10,003	99.9900039984
1,327	0	10,003	99.9900039984
1,328	0	10,003	99.9900039984
1,329	1	10,004	100
1,330	0	10,004	100
