#sample data
x	y
5	0.000295457
20	0.0035994
35	0.0161314
50	0.0265962
65	0.0161314
80	0.0035994
95	0.000295457


#interpolating points and real one
x	y	yreal
5	0.000295457	0.000295457
5.9	0.00139499	0.00035309
6.8	0.00221055	0.000420448
7.7	0.00278931	0.000498858
8.6	0.00317429	0.000589764
9.5	0.00340448	0.000694729
10.4	0.00351512	0.000815435
11.3	0.00353784	0.000953674
12.2	0.00350086	0.00111134
13.1	0.00342917	0.00129042
14	0.00334474	0.00149297
14.9	0.00326666	0.00172111
15.8	0.00321131	0.00197697
16.7	0.00319256	0.00226272
17.6	0.0032219	0.00258046
18.5	0.00330861	0.00293224
19.4	0.00345993	0.00332001
20.3	0.00368117	0.00374554
21.2	0.00397591	0.00421044
22.1	0.00434608	0.00471603
23	0.00479217	0.00526334
23.9	0.00531329	0.00585307
24.8	0.00590735	0.00648548
25.7	0.00657116	0.00716041
26.6	0.00730055	0.00787715
27.5	0.0080905	0.00863451
28.4	0.00893526	0.00943066
29.3	0.00982841	0.0102632
30.2	0.010763	0.0111291
31.1	0.0117318	0.0120247
32	0.0127269	0.0129457
32.9	0.0137404	0.0138872
33.8	0.0147643	0.0148436
34.7	0.0157903	0.0158088
35.6	0.0168103	0.0167763
36.5	0.017816	0.017739
37.4	0.0187996	0.0186896
38.3	0.0197532	0.0196203
39.2	0.0206694	0.0205234
40.1	0.021541	0.0213909
41	0.0223612	0.022215
41.9	0.0231236	0.0229879
42.8	0.0238223	0.0237022
43.7	0.0244519	0.0243508
44.6	0.0250077	0.0249274
45.5	0.0254853	0.0254259
46.4	0.0258811	0.0258411
47.3	0.0261922	0.0261688
48.2	0.026416	0.0264053
49.1	0.026551	0.0265483
50	0.0265962	0.0265962
50.9	0.026551	0.0265483
51.8	0.026416	0.0264053
52.7	0.0261922	0.0261688
53.6	0.0258811	0.0258411
54.5	0.0254853	0.0254259
55.4	0.0250077	0.0249274
56.3	0.0244519	0.0243508
57.2	0.0238223	0.0237022
58.1	0.0231236	0.0229879
59	0.0223612	0.022215
59.9	0.021541	0.0213909
60.8	0.0206694	0.0205234
61.7	0.0197532	0.0196203
62.6	0.0187996	0.0186896
63.5	0.017816	0.017739
64.4	0.0168103	0.0167763
65.3	0.0157903	0.0158088
66.2	0.0147643	0.0148436
67.1	0.0137404	0.0138872
68	0.0127269	0.0129457
68.9	0.0117318	0.0120247
69.8	0.010763	0.0111291
70.7	0.00982841	0.0102632
71.6	0.00893526	0.00943066
72.5	0.0080905	0.00863451
73.4	0.00730055	0.00787715
74.3	0.00657116	0.00716041
75.2	0.00590735	0.00648548
76.1	0.00531329	0.00585307
77	0.00479217	0.00526334
77.9	0.00434608	0.00471603
78.8	0.00397591	0.00421044
79.7	0.00368117	0.00374554
80.6	0.00345993	0.00332001
81.5	0.00330861	0.00293224
82.4	0.0032219	0.00258046
83.3	0.00319256	0.00226272
84.2	0.00321131	0.00197697
85.1	0.00326666	0.00172111
86	0.00334474	0.00149297
86.9	0.00342917	0.00129042
87.8	0.00350086	0.00111134
88.7	0.00353784	0.000953674
89.6	0.00351512	0.000815435
90.5	0.00340448	0.000694729
91.4	0.00317429	0.000589764
92.3	0.00278931	0.000498858
93.2	0.00221055	0.000420448
94.1	0.00139499	0.00035309
95	0.000295457	0.000295457


#sample data
x	y
5	0.000295457
20	0.0035994
35	0.0161314
50	0.0265962
65	0.0161314


#interpolating points and real one
x	y	yreal
5	0.000295457	0.000295457
5.6	0.00017899	0.00033286
6.2	8.42544e-05	0.000374399
6.8	1.12245e-05	0.000420448
7.4	-4.01447e-05	0.000471407
8	-6.99173e-05	0.000527697
8.6	-7.81771e-05	0.000589764
9.2	-6.5027e-05	0.000658077
9.8	-3.05895e-05	0.000733129
10.4	2.49938e-05	0.000815435
11	0.000101562	0.000905531
11.6	0.000198934	0.00100397
12.2	0.00031691	0.00111134
12.8	0.000455271	0.00122822
13.4	0.000613779	0.00135522
14	0.000792175	0.00149297
14.6	0.000990183	0.00164208
15.2	0.0012075	0.00180321
15.8	0.00144382	0.00197697
16.4	0.00169881	0.00216402
17	0.0019721	0.00236497
17.6	0.00226332	0.00258046
18.2	0.00257209	0.00281107
18.8	0.00289798	0.00305741
19.4	0.00324057	0.00332001
20	0.0035994	0.0035994
20.6	0.003974	0.00389606
21.2	0.00436388	0.00421044
21.8	0.00476854	0.0045429
22.4	0.00518744	0.00489379
23	0.00562003	0.00526334
23.6	0.00606575	0.00565176
24.2	0.00652401	0.00605913
24.8	0.0069942	0.00648548
25.4	0.0074757	0.00693074
26	0.00796786	0.00739472
26.6	0.00847001	0.00787715
27.2	0.00898148	0.00837764
27.8	0.00950155	0.00889569
28.4	0.0100295	0.00943066
29	0.0105646	0.00998183
29.6	0.0111061	0.0105483
30.2	0.0116532	0.0111291
30.8	0.0122051	0.0117232
31.4	0.0127609	0.0123292
32	0.0133199	0.0129457
32.6	0.0138812	0.0135714
33.2	0.0144439	0.0142046
33.8	0.0150071	0.0148436
34.4	0.0155699	0.0154865
35	0.0161314	0.0161314
35.6	0.0166905	0.0167763
36.2	0.0172464	0.0174191
36.8	0.017798	0.0180576
37.4	0.0183443	0.0186896
38	0.0188843	0.0193128
38.6	0.019417	0.0199248
39.2	0.0199412	0.0205234
39.8	0.0204559	0.0211062
40.4	0.0209599	0.0216708
41	0.0214521	0.022215
41.6	0.0219315	0.0227364
42.2	0.0223967	0.0232328
42.8	0.0228467	0.0237022
43.4	0.0232802	0.0241423
44	0.023696	0.0245513
44.6	0.0240928	0.0249274
45.2	0.0244694	0.0252687
45.8	0.0248245	0.0255738
46.4	0.0251568	0.0258411
47	0.025465	0.0260695
47.6	0.0257477	0.0262579
48.2	0.0260035	0.0264053
48.8	0.0262312	0.0265112
49.4	0.0264292	0.0265749
50	0.0265962	0.0265962
50.6	0.0267306	0.0265749
51.2	0.0268312	0.0265112
51.8	0.0268963	0.0264053
52.4	0.0269245	0.0262579
53	0.0269143	0.0260695
53.6	0.0268642	0.0258411
54.2	0.0267724	0.0255738
54.8	0.0266376	0.0252687
55.4	0.0264581	0.0249274
56	0.0262323	0.0245513
56.6	0.0259586	0.0241423
57.2	0.0256352	0.0237022
57.8	0.0252606	0.0232328
58.4	0.0248331	0.0227364
59	0.0243508	0.022215
59.6	0.0238122	0.0216708
60.2	0.0232154	0.0211062
60.8	0.0225587	0.0205234
61.4	0.0218403	0.0199248
62	0.0210583	0.0193128
62.6	0.0202111	0.0186896
63.2	0.0192966	0.0180576
63.8	0.0183131	0.0174191
64.4	0.0172587	0.0167763
65	0.0161314	0.0161314


